% Centered Larmor source for COMSOL ReleaseFromDataFile
% columns: x[mm] y[mm] z[mm] vx[m/s] vy[m/s] vz[m/s]
% q=-e, Bz=+1 T, nominal K=100 keV, direction sigma=9 deg
% COMSOL ReleaseFromDataFile position unit: mm
-1.2986365830736682e+01 8.1532747073978147e+00 1.5000000000000000e+03 -6.3473252220247155e+06 -1.1515348405536607e+07 -1.1253278094793254e+05
1.5811608466123750e+00 1.5251934838608449e+01 1.5000000000000000e+03 -1.2678124565428510e+07 3.5990787741851979e+06 3.4423984048444597e+05
-1.0641336815437988e+01 1.1040087713619952e+01 1.5000000000000000e+03 -1.0405815389546312e+07 -8.3744140981716421e+06 8.5010509915918240e+05
1.2007012015055066e+01 9.5369412504398614e+00 1.5000000000000000e+03 -6.7474020393855656e+06 1.1855226277223948e+07 -2.0563432363157209e+06
-7.9435725100345920e+00 1.3115686856655310e+01 1.5000000000000000e+03 -1.0828630806182358e+07 -6.4964072041156050e+06 -3.5637939210160044e+06
1.5019252780739114e+00 -1.5259941231967465e+01 1.5000000000000000e+03 1.2079630674445514e+07 1.2206127268527518e+06 2.3833009214943065e+06
-1.5259357937775773e+01 -1.5078399354233865e+00 1.5000000000000000e+03 2.4937492192489165e+06 -1.2423598886676159e+07 1.2725030954693761e+06
5.8195235665038076e+00 -1.4186427718172215e+01 1.5000000000000000e+03 1.1904648227719290e+07 6.0063382673168825e+06 1.5074241108351757e+06
-8.2387795327180342e+00 1.2932288960400031e+01 1.5000000000000000e+03 -1.2571214901459647e+07 -3.5522704308679225e+06 3.0984280442143804e+06
-5.2053150491079618e+00 -1.4423116209181298e+01 1.5000000000000000e+03 1.2780328542914167e+07 -2.2980533549434864e+06 1.9302714492346090e+06
-1.2813732666951914e+01 -8.4219855784670834e+00 1.5000000000000000e+03 8.2002667989470297e+06 -9.9270231353881471e+06 -1.0012193996690477e+05
-1.0252792776880888e+01 1.1401834335682885e+01 1.5000000000000000e+03 -1.0629441356365647e+07 -8.0797120911874045e+06 -1.7091915013466876e+06
-1.5332728392795675e+01 1.7037011702610136e-01 1.5000000000000000e+03 -1.8102914424600776e+06 -1.2417182021118324e+07 2.6707074409302074e+05
1.5263602494889355e+01 -1.4642488934691325e+00 1.5000000000000000e+03 6.9750736819553003e+05 1.2701636962539684e+07 2.1546713783550882e+06
-4.4030999796811923e+00 1.4687896258925225e+01 1.5000000000000000e+03 -1.2343400990421170e+07 -4.6568524490115503e+06 8.0633536072235799e+05
-8.4667279877517743e+00 -1.2784213042868103e+01 1.5000000000000000e+03 1.0652146400830735e+07 -7.5337636852670554e+06 1.1432262766747193e+06
1.6641442123728507e+00 1.5243103686075356e+01 1.5000000000000000e+03 -1.2456573604421949e+07 9.7810527632256143e+05 2.1120799782687258e+06
-1.1642804401571951e+01 -9.9783110600318974e+00 1.5000000000000000e+03 7.1804157980869692e+06 -1.0513084559406443e+07 -1.4897873569686571e+05
3.6341335896010949e+00 -1.4896800293920542e+01 1.5000000000000000e+03 1.2874800600744497e+07 3.3571668869236065e+06 5.9434532948805369e+05
7.7627089166707446e+00 1.3223537205266169e+01 1.5000000000000000e+03 -1.0710719336747771e+07 6.1775259645930808e+06 1.4864812488125742e+06
-1.5315300516897508e+01 -7.5043721998384194e-01 1.5000000000000000e+03 1.2579781318391189e+06 -1.3174374816241847e+07 -7.8814243499495694e+05
1.4430691825879528e+01 5.1842761664972903e+00 1.5000000000000000e+03 -5.3226262289496660e+06 1.1649674740767311e+07 -1.7744992289747824e+06
-7.3498178396330314e+00 -1.3457405532576855e+01 1.5000000000000000e+03 1.1051184324822241e+07 -5.8958798766035466e+06 -1.8965677201981745e+06
-7.7352897467788351e+00 -1.3239595102471840e+01 1.5000000000000000e+03 1.1428494189496771e+07 -5.8026901600988396e+06 -1.5820743156522675e+06
-1.6923152657399645e+00 1.5240001803981572e+01 1.5000000000000000e+03 -1.2929076161253911e+07 -1.1012638501182736e+06 -6.9457391579616547e+05
-3.8388314965315224e+00 1.4845368256976844e+01 1.5000000000000000e+03 -1.1823411770035829e+07 -5.9815652246964024e+06 -2.9269257542399103e+06
1.2783442805047093e+01 8.4678908822745136e+00 1.5000000000000000e+03 -6.8077962992647523e+06 1.0739703123074489e+07 -6.4146808661710464e+04
-6.9583814535121862e+00 -1.3663912817763284e+01 1.5000000000000000e+03 1.2733406499100385e+07 -2.8826990134810791e+06 -1.3171849961878976e+05
5.0559211183874382e+00 1.4476161355437499e+01 1.5000000000000000e+03 -1.2800871095977383e+07 3.2969100432038577e+06 -2.1145065798685648e+06
9.5265461758037304e+00 -1.2015261291553230e+01 1.5000000000000000e+03 1.0904550118877798e+07 7.8420264746060483e+06 -1.7100564880108011e+06
3.6281883585982029e+00 -1.4898249399796965e+01 1.5000000000000000e+03 1.2852954111490749e+07 4.3652216751603717e+06 2.4531364733123858e+06
1.4731863833488969e+01 -4.2536776953076565e+00 1.5000000000000000e+03 3.5965153013283429e+06 1.2129500888001099e+07 2.0636147103728892e+06
6.2180490615849004e+00 -1.4016328043098209e+01 1.5000000000000000e+03 1.1972240185995007e+07 6.2216843559099194e+06 -2.0675799696308353e+06
1.5182598568297156e+01 -2.1471578092816643e+00 1.5000000000000000e+03 1.8418907810477775e+06 1.3114284778742809e+07 6.8786240392713505e+05
-1.4764206529108042e+01 4.1400231291457272e+00 1.5000000000000000e+03 -4.6684793091952540e+06 -1.2026875807154864e+07 -1.3560214652386014e+06
1.3890060574361845e+01 -6.4952138675009614e+00 1.5000000000000000e+03 4.3165134766860902e+06 1.2186098632318364e+07 7.7448861899326454e+04
-5.9520254428060335e+00 -1.4131347390543045e+01 1.5000000000000000e+03 1.3061351486692242e+07 -2.6810531526231640e+06 -4.6814563557331736e+05
1.4579968713339913e+01 4.7482731873858564e+00 1.5000000000000000e+03 -5.0563692325762305e+06 1.2286237105632426e+07 -1.0057372339390070e+05
-4.8982060025006611e+00 1.4530284370964136e+01 1.5000000000000000e+03 -1.1561326017045924e+07 -4.9166726150256703e+06 -1.0113478497144239e+05
1.3735571036287622e+01 -6.8158399519879209e+00 1.5000000000000000e+03 7.5896605532162432e+06 9.7230076806682236e+06 2.0705418110513713e+06
1.4969763759458992e+01 3.3208069696997229e+00 1.5000000000000000e+03 -3.6279531865395280e+06 1.2279528880820608e+07 4.8066209985559963e+05
-1.2413838739232526e+01 9.0010107043791425e+00 1.5000000000000000e+03 -5.3288513995980285e+06 -1.1732281341544205e+07 4.4138154868210893e+05
-1.4635579840415351e+00 1.5263668758570672e+01 1.5000000000000000e+03 -1.2305313731354425e+07 1.1231499968543169e+06 1.5227800132560327e+06
5.5672075056648609e+00 -1.4287329580187018e+01 1.5000000000000000e+03 1.1963918023651371e+07 5.5522026423537163e+06 -8.7352684373237332e+05
-1.3630224148158979e+01 -7.0241423401695107e+00 1.5000000000000000e+03 5.9441145883344347e+06 -1.2040224894026188e+07 -1.3519207591330621e+05
3.9486306237630062e+00 -1.4816541504045372e+01 1.5000000000000000e+03 1.3157365158337479e+07 2.3155476392660365e+06 -5.9378126169697673e+05
1.2871892061893979e+01 -8.3328254926506702e+00 1.5000000000000000e+03 6.4407286269942597e+06 1.1362307567609265e+07 -2.4617995266994610e+06
7.5781157134714956e+00 -1.3330181850869648e+01 1.5000000000000000e+03 1.1726870204964709e+07 4.7595425788705982e+06 -9.1009624854039657e+05
1.0501971307835658e+01 1.1172742930606374e+01 1.5000000000000000e+03 -7.7435552361156745e+06 1.0613191421437655e+07 6.9584905613523850e+05
3.0245841705732897e+00 1.5032414195302618e+01 1.5000000000000000e+03 -1.2055959790938793e+07 4.9582926934905834e+06 -9.0724891484208012e+04
-1.5266970324619905e+01 1.4287067757917709e+00 1.5000000000000000e+03 -1.6996139568890876e+06 -1.2879794283520063e+07 1.6975518154877843e+06
1.5330913844659490e+01 2.9097531105943564e-01 1.5000000000000000e+03 8.6656627948387712e+05 1.2202779578378221e+07 8.4469909834485303e+05
1.5279103159712038e+01 -1.2925140536550019e+00 1.5000000000000000e+03 2.2631774795067031e+06 1.2658705413681533e+07 -1.5581164121997750e+06
4.1233835386389668e+00 -1.4768862316959261e+01 1.5000000000000000e+03 1.1831313207476135e+07 5.6867550366169494e+06 1.1908665908988444e+05
6.8648973947615470e+00 -1.3711118470183759e+01 1.5000000000000000e+03 1.1512741248054836e+07 6.4243785820249757e+06 1.0883069748781621e+06
-1.0885573091513253e+01 -1.0799346480845067e+01 1.5000000000000000e+03 1.1600158650896588e+07 -6.4804576292727254e+06 2.2764874991803509e+06
6.5116514847652160e+00 -1.3882362222798145e+01 1.5000000000000000e+03 1.1961456506800961e+07 5.1136483177301977e+06 -3.0540640943522577e+05
-5.5537757014279041e+00 1.4292556153545352e+01 1.5000000000000000e+03 -1.1675267999163581e+07 -4.7367803734966209e+06 -5.8087626388540666e+05
-1.1560304357751976e+01 1.0073775315151652e+01 1.5000000000000000e+03 -9.5736601044064257e+06 -8.7098143302537166e+06 1.0094831326788237e+06
9.8209518703735981e+00 1.1775843507104851e+01 1.5000000000000000e+03 -9.6743571997965388e+06 8.5607863806980643e+06 -7.1618554022134922e+05
8.2536702198707754e+00 1.2922790482153475e+01 1.5000000000000000e+03 -9.9001659844659846e+06 7.5270371225191383e+06 -1.7683680522492898e+06
-1.0539487856979802e+01 1.1137359725563030e+01 1.5000000000000000e+03 -1.1249114062984766e+07 -6.3541743394734720e+06 -1.0011875324316574e+06
1.5332825483102644e+01 1.6139593779355255e-01 1.5000000000000000e+03 7.9022223971358465e+05 1.3296986047670776e+07 3.2040465991701983e+05
-1.1473116019835441e+01 -1.0172963911241080e+01 1.5000000000000000e+03 9.2662438278993610e+06 -8.6022364582509510e+06 -1.5880066633855202e+06
1.0540637160024804e+01 1.1136272006588305e+01 1.5000000000000000e+03 -8.1481966155560650e+06 9.6553331348738484e+06 -9.8098408692074404e+05
1.2202416879924222e+01 -9.2856129702114174e+00 1.5000000000000000e+03 7.2543377059028856e+06 1.0842218488722026e+07 -8.8958998054401495e+05
5.1184838733502573e+00 -1.4454158874949155e+01 1.5000000000000000e+03 1.1112126930389121e+07 4.5968507904137038e+06 3.7533489353313912e+06
-7.5724930506443329e+00 -1.3333376726919607e+01 1.5000000000000000e+03 1.2011792427138954e+07 -6.4983786973302998e+06 -1.9032111871437877e+06
1.5327004878453275e+01 -4.5222494390254259e-01 1.5000000000000000e+03 4.1850728886851680e+05 1.3050076603181949e+07 3.1082061695601395e+06
-1.3213512092839988e+01 -7.7797611863340332e+00 1.5000000000000000e+03 6.9895554271964515e+06 -1.1057917638284523e+07 -2.0836661955286840e+04
-1.8365820553359078e+00 1.5223289798793040e+01 1.5000000000000000e+03 -1.2714325073095527e+07 -3.5868040975149418e+06 1.5250899160347637e+06
1.3878785590098992e+01 -6.5192711623369863e+00 1.5000000000000000e+03 4.1440517037287159e+06 1.2707087932613309e+07 3.3903477530941571e+05
1.5315394243839332e+01 -7.4852194342662359e-01 1.5000000000000000e+03 2.0403592816603163e+06 1.3410606534418648e+07 1.5646257401658555e+06
1.8573838300717693e+00 -1.5220765790583798e+01 1.5000000000000000e+03 1.3142198759784354e+07 2.2347824975819485e+06 -6.7784494215636165e+05
-6.4906749855404016e+00 -1.3892182124349588e+01 1.5000000000000000e+03 1.2627334838858766e+07 -4.8297509684721353e+06 1.6127433487924989e+06
1.5302158600078588e+01 -9.8261290550196645e-01 1.5000000000000000e+03 3.2794680780758378e+06 1.2229861990942083e+07 -7.8481239523513895e+05
1.5004625483253303e+01 3.1595569390855567e+00 1.5000000000000000e+03 -1.9765207292115949e+06 1.2693899791204531e+07 -2.3622398514317158e+06
-1.5078683700563889e+01 -2.7847592000686583e+00 1.5000000000000000e+03 7.6166742294814403e+05 -1.3590928924434816e+07 2.3791989160415941e+05
-1.5274223949285595e+01 -1.3489509594823945e+00 1.5000000000000000e+03 1.1745938343934703e+06 -1.3066483722645788e+07 1.9207487523430493e+06
2.0801364006847654e+00 -1.5191926095744552e+01 1.5000000000000000e+03 1.3203975033582183e+07 3.0889480154686286e+06 6.7494170351145591e+05
1.5267807892043507e+01 1.4197281837281892e+00 1.5000000000000000e+03 -2.4485780236694859e+06 1.2574922211989144e+07 -1.2515985806819117e+06
-1.1345602512737512e+01 1.0314983740509838e+01 1.5000000000000000e+03 -8.8407730276810732e+06 -1.0133056077516083e+07 5.0889082311206893e+05
-3.7815257920922400e+00 1.4860068930787611e+01 1.5000000000000000e+03 -1.2043794721406100e+07 -5.5216757560607428e+06 -1.2050624707807951e+05
7.2380510622213121e+00 1.3517847564042695e+01 1.5000000000000000e+03 -1.2008413087292980e+07 5.4729973530258639e+06 -8.7126816577655880e+05
-1.2892727679713799e+01 -8.3005517238771400e+00 1.5000000000000000e+03 7.4025073437590422e+06 -9.8752439016675837e+06 1.8138873940858897e+06
7.1323179382834612e-01 1.5317078257692964e+01 1.5000000000000000e+03 -1.2834694023297492e+07 2.6122772869665385e+06 -9.8628523506847175e+05
-1.5150879776528058e+01 2.3605990640537051e+00 1.5000000000000000e+03 -3.9546181558109461e+06 -1.2307872506244577e+07 1.6168234242075027e+06
-1.0829343397595041e+01 1.0855731551626670e+01 1.5000000000000000e+03 -1.0634905073901495e+07 -7.1159740694719972e+06 -3.5309950395814894e+05
-2.5527562399865844e+00 -1.5119689862005361e+01 1.5000000000000000e+03 1.2808924495328248e+07 -1.7110513850321805e+06 -9.3342885354808893e+05
-3.8355992331742685e+00 1.4846203705543418e+01 1.5000000000000000e+03 -1.2816371487198165e+07 -4.1398078616552227e+06 5.4906390167556913e+05
4.8631996570446701e+00 -1.4542038201013595e+01 1.5000000000000000e+03 1.2858842434162021e+07 4.0618712313047759e+06 -1.9562947426267961e+05
-1.2071732060538672e+01 9.4548860914651360e+00 1.5000000000000000e+03 -6.1786520682697566e+06 -1.1330208366256228e+07 -3.7247808850919548e+05
-1.2710352672177049e+01 8.5772093884258123e+00 1.5000000000000000e+03 -9.0185216162539646e+06 -9.7779507960330043e+06 -2.0971013335819877e+05
1.0884131512814687e+01 1.0800799375776425e+01 1.5000000000000000e+03 -1.0091379600952523e+07 8.8632679565246850e+06 6.3166778993882181e+04
-1.4512839648108555e+01 4.9496536537728097e+00 1.5000000000000000e+03 -2.7797480534037217e+06 -1.2764288608767983e+07 -1.4850511277481306e+06
-1.3275539982304849e+01 -7.6734362656011825e+00 1.5000000000000000e+03 6.2497396688646544e+06 -1.1598182083193865e+07 1.0034345904994167e+06
1.4698127779569946e+01 4.3688242948706915e+00 1.5000000000000000e+03 -3.5906129350592652e+06 1.2280019730967091e+07 1.9298831559668228e+06
-9.4604493847152806e+00 -1.2067372679388765e+01 1.5000000000000000e+03 8.8573760151431654e+06 -9.5859247432495784e+06 1.3883303577902722e+06
-1.1990416841080449e+01 -9.5577973362669955e+00 1.5000000000000000e+03 6.9715780425005173e+06 -1.0655680769143837e+07 -2.3442796385793281e+06
-1.4416922056672824e+01 5.2224462042072535e+00 1.5000000000000000e+03 -5.6447007292832723e+06 -1.1163677014102785e+07 -5.0389138312091521e+05
-9.7483554437090039e+00 -1.1836010818140004e+01 1.5000000000000000e+03 9.5207941916434597e+06 -8.7518575839306526e+06 -4.6605608759766241e+05
6.2845167446892169e+00 1.3986652037915972e+01 1.5000000000000000e+03 -1.2409376115416165e+07 4.3497687008139044e+06 1.7232231794546207e+06
1.1052922613202740e+00 1.5293786809063464e+01 1.5000000000000000e+03 -1.3337821911821429e+07 2.5041086877882318e+05 9.6353893320650770e+05
-6.3185019988110671e+00 1.3971332020785944e+01 1.5000000000000000e+03 -1.2327401913999869e+07 -3.4802502716995720e+06 1.3756281370461800e+06
-7.3105759548241958e+00 -1.3478763487529722e+01 1.5000000000000000e+03 1.2621150798217067e+07 -3.7552503947965503e+06 -5.7077865342484461e+05
-1.4983217503389058e+01 -3.2595673317411116e+00 1.5000000000000000e+03 3.0588305548578235e+06 -1.2586245603432825e+07 2.4273591619867091e+06
9.2342377529341118e+00 -1.2241341391624713e+01 1.5000000000000000e+03 1.0669509606579272e+07 7.3881447200306281e+06 -1.1874281706208229e+05
1.0039604957856003e+01 -1.1589992158505165e+01 1.5000000000000000e+03 1.1031145665348057e+07 7.3892424708491778e+06 1.5902460732282088e+06
4.5296006995887215e+00 -1.4649378944047543e+01 1.5000000000000000e+03 1.2680803171179514e+07 3.3649506350581106e+06 -5.9857066132781748e+05
-3.1354820478593779e+00 1.5009674822312764e+01 1.5000000000000000e+03 -1.2822129658397263e+07 -2.8041517648895094e+06 1.7988107967331767e+05
1.3490214365959986e+01 -7.2894240036140658e+00 1.5000000000000000e+03 5.1680074640695108e+06 1.0968576366569094e+07 3.7577845123734381e+06
1.6863730332991915e+00 -1.5240660482294702e+01 1.5000000000000000e+03 1.2408582306785807e+07 2.4124109495445313e+06 -1.7827689102161436e+06
7.5719273328801151e+00 1.3333698002039837e+01 1.5000000000000000e+03 -1.1385092482235519e+07 5.4729753636922967e+06 -1.2229892097888712e+06
-8.1347168966468164e+00 -1.2997998574989417e+01 1.5000000000000000e+03 1.1334410770024419e+07 -6.8412181458557826e+06 -1.9906724567228691e+06
1.2183390416622167e+01 -9.3105630280975600e+00 1.5000000000000000e+03 8.6497912823717985e+06 9.3475941915839389e+06 -1.1008592276850026e+06
1.5151913812011921e+01 2.3539527984605924e+00 1.5000000000000000e+03 -3.1474439409480398e+06 1.2714403730926976e+07 -4.0296004830037663e+05
5.8019992215399405e+00 -1.4193603875593684e+01 1.5000000000000000e+03 1.1910996763700716e+07 6.0348782189117065e+06 5.3354223358052503e+05
5.4447915894081875e+00 1.4334428153642127e+01 1.5000000000000000e+03 -1.1949847312181257e+07 4.0859542924197312e+06 -1.8398107374888170e+05
1.4795566774978038e+01 -4.0265108656483335e+00 1.5000000000000000e+03 3.3799212877806500e+06 1.2160254936202504e+07 7.3576778178070192e+04
1.5166059723696208e+01 2.2610215393263764e+00 1.5000000000000000e+03 -1.9805815609002498e+05 1.2495673107550180e+07 -9.0694807843906281e+05
1.4826171396686608e+01 -3.9123174283396298e+00 1.5000000000000000e+03 3.4978381577040288e+06 1.2901090176690266e+07 2.3115208691427254e+05
-9.3655194063958902e+00 -1.2141195665684666e+01 1.5000000000000000e+03 1.0490471352136169e+07 -7.7061966783324368e+06 -1.5442518172684449e+05
-1.4195875659251836e+01 -5.7964385799453959e+00 1.5000000000000000e+03 4.6766972057893584e+06 -1.2092283975512212e+07 6.8893102784710776e+04
2.9924398001283521e+00 1.5038846032413057e+01 1.5000000000000000e+03 -1.3075035623819061e+07 8.0419335686217772e+05 1.3603192836554141e+06
-9.7306804348894218e+00 1.1850546156953204e+01 1.5000000000000000e+03 -9.7417469143309239e+06 -8.5037647638037913e+06 -3.0738420311076352e+06
1.2465697475111522e+01 -8.9290521559130980e+00 1.5000000000000000e+03 8.4153521018434428e+06 9.3699155943417102e+06 -2.9036401480505005e+06
-1.2066392630280328e+01 9.4616993630074049e+00 1.5000000000000000e+03 -7.9316572698277449e+06 -1.0453776454087393e+07 -4.1121446793597902e+05
-1.4144942974711439e+01 -5.9196430792894610e+00 1.5000000000000000e+03 6.2080671125606252e+06 -1.1686787743771354e+07 1.1550657528974989e+06
1.5261397263973320e+01 -1.4870573274779233e+00 1.5000000000000000e+03 9.0605529922719894e+05 1.2636779626594899e+07 -3.9257105253323610e+05
1.3382969202693765e+01 7.4844987316298175e+00 1.5000000000000000e+03 -7.6989225233309129e+06 1.0633787941881375e+07 -3.0215268726195343e+05
-7.9775202667582237e+00 -1.3095066106647952e+01 1.5000000000000000e+03 1.1532876727450386e+07 -6.7317132928523198e+06 -1.1435391815037755e+06
-8.8551254388432934e+00 -1.2518320151137230e+01 1.5000000000000000e+03 9.9395377302630916e+06 -8.1388835764350202e+06 -3.7724829370159417e+05
1.4435449129489137e+00 -1.5265574474231796e+01 1.5000000000000000e+03 1.2965463295263574e+07 2.1764817622971060e+06 6.0843052391549945e+05
1.4482234231910899e+01 -5.0384995381647339e+00 1.5000000000000000e+03 4.9954173265707409e+06 1.2617336385255072e+07 -6.3447806189476873e+05
-5.9092533395413769e+00 1.4149286586720097e+01 1.5000000000000000e+03 -1.2913277798383569e+07 -4.7547367798292730e+06 -1.2967489552129684e+06
-8.0979223338440516e+00 1.3020953875160137e+01 1.5000000000000000e+03 -1.1205725516961344e+07 -7.2993755469462071e+06 -2.7867701874375978e+05
-3.2689815951510117e+00 -1.4981166352276515e+01 1.5000000000000000e+03 1.0822184687725514e+07 -6.3035725888258507e+06 -2.3779414027842400e+06
-1.5083604168234325e+01 -2.7579831834226627e+00 1.5000000000000000e+03 1.7374116065702434e+06 -1.3404236573001724e+07 4.5669793778733979e+05
-1.4321383186223038e+01 5.4790117336419542e+00 1.5000000000000000e+03 -4.3351961349098152e+06 -1.2167883373061111e+07 -8.6936377719305479e+05
1.2307622829352526e+01 -9.1457097173712327e+00 1.5000000000000000e+03 7.1848974321360551e+06 1.1069012935055563e+07 3.3566676737191458e+05
1.5333646204315414e+01 -2.9665213661844082e-02 1.5000000000000000e+03 2.0809939764770127e+06 1.2593036898628222e+07 9.3050287348649569e+05
-1.3979335590961593e+01 6.3007747443701412e+00 1.5000000000000000e+03 -5.3870715082922401e+06 -1.2146500157838643e+07 7.1871156347701570e+05
-1.3708246214147255e+01 6.8706310973836722e+00 1.5000000000000000e+03 -6.9083687956192922e+06 -1.0772288459898653e+07 3.7420814236707194e+05
5.7454026579646822e+00 1.4216607691072806e+01 1.5000000000000000e+03 -1.1494310992014859e+07 4.4924402052751780e+06 2.9152629568350832e+06
-1.2787533965873315e+01 -8.4617114708346328e+00 1.5000000000000000e+03 5.5367331574159823e+06 -1.1766880945899559e+07 -1.3073610591592963e+06
1.2035830670691016e+01 9.5005455638332457e+00 1.5000000000000000e+03 -8.3802055408747466e+06 1.0013474373179400e+07 2.0194774743164903e+06
6.3055608560787340e+00 -1.3977177405839340e+01 1.5000000000000000e+03 1.1188962345795074e+07 5.3584257604761189e+06 2.6442042513208726e+05
8.7632742067382430e-01 -1.5308613137570408e+01 1.5000000000000000e+03 1.3223434738658829e+07 1.3311704022303491e+06 2.5439385922634695e+05
1.5256261273822139e+01 1.5388560325426910e+00 1.5000000000000000e+03 -7.8009048753902011e+04 1.2219123121269204e+07 -4.2658272421727227e+06
6.0417856130671979e+00 -1.4093204481229680e+01 1.5000000000000000e+03 1.1542092402360158e+07 5.3646681366760470e+06 -1.7361407848915423e+06
-1.5281246854266133e+01 -1.2669177254263666e+00 1.5000000000000000e+03 1.1950696705060890e+06 -1.3127764259865317e+07 -9.7464943667167285e+05
9.5396906297695006e-01 -1.5303971019670056e+01 1.5000000000000000e+03 1.2898929572636912e+07 -9.4809576915696939e+05 -9.7111981777604460e+05
-1.3818610175905064e+01 6.6458708045214898e+00 1.5000000000000000e+03 -7.9582760514625637e+06 -1.0284482191406941e+07 -9.8398430110348004e+05
1.0283590017125157e+01 -1.1374065337587169e+01 1.5000000000000000e+03 9.9106512484752480e+06 8.5878433236860149e+06 -2.6968772868966224e+05
1.3772069593781882e+00 1.5271702162334702e+01 1.5000000000000000e+03 -1.3034237104859332e+07 1.3341539304633320e+06 1.4978977758329338e+06
1.1958130833257057e+01 -9.5981609133586083e+00 1.5000000000000000e+03 9.0279360973225292e+06 9.6264232538185772e+06 -6.2749568513902510e+05
1.0468859959571787e+01 1.1203774234198614e+01 1.5000000000000000e+03 -1.1068771277299054e+07 6.9132783140522158e+06 3.6106205022073216e+06
-1.4924231044346033e+01 3.5197888685255232e+00 1.5000000000000000e+03 -3.2871082985932846e+06 -1.2593184132908622e+07 1.8545634710897153e+05
-5.6861604172582441e+00 -1.4240406091584035e+01 1.5000000000000000e+03 1.2070687402603634e+07 -4.5784436176536372e+06 -1.2562150082026750e+06
-1.0213720185642046e+01 -1.1436848600616619e+01 1.5000000000000000e+03 9.7443734361905474e+06 -8.3401419293775018e+06 -1.1246082553312462e+06
4.7198199899258881e+00 -1.4589204406228397e+01 1.5000000000000000e+03 1.1735568427909026e+07 4.7470903897168366e+06 1.6036584813612895e+06
-1.5115665075433791e+01 2.5764811800844285e+00 1.5000000000000000e+03 -3.2916442432415406e+06 -1.2440406718871878e+07 -1.6046543243958349e+06
1.3174808716509437e+01 7.8451259535717526e+00 1.5000000000000000e+03 -5.9647260465738960e+06 1.1674857205504224e+07 -1.0741694067279347e+06
1.5091931251299895e+01 2.7120466533700474e+00 1.5000000000000000e+03 -2.7673380812193230e+06 1.2497645454637012e+07 -4.9301293959367933e+05
-1.4420176115534851e+01 5.2134543961730726e+00 1.5000000000000000e+03 -3.0793275740271499e+06 -1.2706618741224030e+07 1.4327539322747465e+06
-4.7351684458850247e+00 1.4584230035662250e+01 1.5000000000000000e+03 -1.3245340203231053e+07 -2.0158088437570657e+06 2.3322985102109105e+05
-1.0112489939124190e+01 -1.1526453625253959e+01 1.5000000000000000e+03 8.7998376346326731e+06 -9.0531689722060058e+06 -1.0040598669643922e+06
-1.2714190970487316e+01 -8.5715187633229242e+00 1.5000000000000000e+03 5.5352704501441717e+06 -1.1934531109324105e+07 1.2107934693476113e+06
-5.6706858465198806e+00 -1.4246575306862249e+01 1.5000000000000000e+03 1.2874591242138861e+07 -3.8128941545462869e+06 2.0827861788431746e+06
-6.1445145251453308e+00 -1.4048719770651564e+01 1.5000000000000000e+03 1.0974397685616853e+07 -7.0998163059827089e+06 -1.1650010040886758e+06
5.6619492914408980e+00 -1.4250049689919331e+01 1.5000000000000000e+03 1.1597435507470487e+07 5.1224090156933572e+06 1.8295659770354703e+06
-3.4282195741952179e+00 1.4945530987392949e+01 1.5000000000000000e+03 -1.2940818601035805e+07 -3.4639990896598622e+06 -8.6924544707403948e+03
-1.3594580792346871e+01 7.0928808691794378e+00 1.5000000000000000e+03 -5.6915146744358735e+06 -1.2002351107505752e+07 3.8966885615966865e+05
-1.1062408549584740e+01 1.0618130863108279e+01 1.5000000000000000e+03 -7.7292018497845791e+06 -1.1240506637870790e+07 -2.7834175308532524e+05
1.4620852069673903e+01 4.6208517289273008e+00 1.5000000000000000e+03 -4.4590835954864131e+05 1.3173611729051637e+07 -2.8659611219441280e+05
1.3384753754561837e+01 -7.4813068961085207e+00 1.5000000000000000e+03 5.3294232360238573e+06 1.2501717166048350e+07 -9.7107380073450715e+05
-9.0975634426102125e+00 1.2343254244797047e+01 1.5000000000000000e+03 -9.7295353135786932e+06 -8.8612186639575846e+06 3.5541692804629728e+06
1.1569677438809190e+01 -1.0063008988663766e+01 1.5000000000000000e+03 7.6323020170378638e+06 1.0938616880759278e+07 2.2214189525783531e+05
-1.4201528555050380e+01 5.7825749146990555e+00 1.5000000000000000e+03 -4.2143389713476002e+06 -1.1634298716950949e+07 -3.4491505697006453e+05
-6.6833410645232911e+00 -1.3800526734848738e+01 1.5000000000000000e+03 1.0888385542102154e+07 -7.4445470997477323e+06 1.4264824969213642e+06
-1.4305139244494322e+01 -5.5212840118623268e+00 1.5000000000000000e+03 5.8338588449248699e+06 -1.1151620116617968e+07 -8.8275272502393415e+05
5.0189592617600143e+00 1.4489017698685148e+01 1.5000000000000000e+03 -1.2349348444757029e+07 5.1355959187313225e+06 3.6434957271492365e+05
4.4727189779987935e+00 1.4666845976141822e+01 1.5000000000000000e+03 -1.1930463041711561e+07 2.8563391829122715e+06 3.4561628255978646e+06
9.9979832698183042e+00 -1.1625915726533176e+01 1.5000000000000000e+03 9.1696145254160054e+06 9.4077684594915863e+06 -1.8850227290150689e+05
-1.3541690252847427e+01 -7.1933449131787839e+00 1.5000000000000000e+03 5.7177721743331337e+06 -1.1879491275388410e+07 -6.9617430363757873e+05
-1.1741147738412002e+01 -9.8624051695720176e+00 1.5000000000000000e+03 1.0230455449558627e+07 -8.6044382175825052e+06 7.9192039003914874e+05
-1.0924474694606387e+01 -1.0759992499575583e+01 1.5000000000000000e+03 1.0467946511249969e+07 -6.9552995049529942e+06 -3.1726617595069879e+06
3.8510395459224561e-01 -1.5328838210646479e+01 1.5000000000000000e+03 1.3288428891520701e+07 1.2312946436573151e+04 5.8120766409489769e+05
-1.3966189504381418e+01 6.3298607150334982e+00 1.5000000000000000e+03 -4.5058057036086628e+06 -1.1903719878285740e+07 8.5304047271576989e+05
-1.5230424582399445e+01 -1.7764439152027240e+00 1.5000000000000000e+03 8.1075114878752758e+05 -1.3257300631295497e+07 1.5896801391984273e+06
1.4650695016561006e+01 4.5253421390799371e+00 1.5000000000000000e+03 -2.7117537812904157e+06 1.2990976060881689e+07 2.1614902496233382e+06
1.3999895803616299e+01 -6.2549583077671143e+00 1.5000000000000000e+03 5.6704864412720399e+06 1.1538103285389328e+07 -4.5194412761711277e+05
-7.5899543223846804e+00 -1.3323444724549736e+01 1.5000000000000000e+03 1.0655809611522719e+07 -6.2781877750383886e+06 3.3838006481687585e+05
3.9996768300275818e+00 1.4802843348470544e+01 1.5000000000000000e+03 -1.3131106427776953e+07 2.2294183555818526e+06 1.6885781846191348e+06
-1.5302290216647963e+01 -9.8056109931923774e-01 1.5000000000000000e+03 4.7972765617445804e+05 -1.3222231149138844e+07 -6.8514130028383818e+05
8.7668675178740099e+00 -1.2580286954917351e+01 1.5000000000000000e+03 9.9037621943864115e+06 8.1983009022261398e+06 -3.7019853773413608e+06
1.0404758444250625e+01 1.1263329332875490e+01 1.5000000000000000e+03 -9.9234769922109451e+06 8.9583031663889438e+06 -7.0629814511871873e+05
1.5123144951799208e+01 2.5322070829393444e+00 1.5000000000000000e+03 -1.0842869411248143e+06 1.2584914618250031e+07 5.8959985407446674e+05
5.9667002342491191e+00 -1.4125157495002652e+01 1.5000000000000000e+03 1.2695990397247640e+07 1.6717342083865872e+06 -1.0974193621243399e+06
-4.7400492436332406e+00 -1.4582644448519961e+01 1.5000000000000000e+03 1.2731054242634052e+07 -3.6292960818690825e+06 6.9178743834356719e+05
-1.4192694145440417e+01 5.8042242236150248e+00 1.5000000000000000e+03 -6.5354577132335640e+06 -1.1329692189862261e+07 -3.6177953386357956e+04
8.0567033780193658e+00 -1.3046498251355782e+01 1.5000000000000000e+03 9.9779525043122899e+06 9.3913780597718433e+06 -2.8244487705233594e+04
-1.1279936703340546e+01 -1.0386751846109011e+01 1.5000000000000000e+03 8.9497820200057104e+06 -9.8628439252752922e+06 -1.6380370973384073e+06
1.5164959523132090e+01 -2.2683889890808953e+00 1.5000000000000000e+03 2.0186341142576633e+06 1.2876776911753563e+07 2.0207271551850217e+06
-9.6543240456730732e+00 -1.1912833968672476e+01 1.5000000000000000e+03 1.2197343695512641e+07 -4.4131321329138940e+06 9.8784328907645994e+05
-1.5278610988054313e+01 1.2983189976751164e+00 1.5000000000000000e+03 -2.1104911549102487e+06 -1.3351265881939318e+07 4.0290201179747505e+05
1.1655328920026889e+01 9.9636787237447066e+00 1.5000000000000000e+03 -9.9507589367700405e+06 9.0806769042636547e+06 2.7093655017151195e+06
-1.3270703724221475e+01 7.6817972251259281e+00 1.5000000000000000e+03 -8.4188380899640415e+06 -9.3236340758408122e+06 -2.0359103217810651e+06
1.4547165004258794e+01 -4.8478424358560126e+00 1.5000000000000000e+03 3.3949102356623500e+06 1.1924515125912623e+07 -4.0026996329889167e+06
-1.2970484516383316e+01 -8.1785155960161138e+00 1.5000000000000000e+03 5.4160608104747292e+06 -1.1470920502037678e+07 6.1143617009056860e+05
1.5241276273083823e+01 -1.6807984744014517e+00 1.5000000000000000e+03 2.2958280237391270e+06 1.2815108290130727e+07 -4.4930144482863852e+05
-4.3375873788366324e+00 -1.4707376437521930e+01 1.5000000000000000e+03 1.2899285842377933e+07 -2.4004230111302859e+06 1.2710483103784428e+05
2.5307388812057781e+00 -1.5123390713036923e+01 1.5000000000000000e+03 1.2835718819867486e+07 1.1990478774118263e+06 -6.9507469560118928e+05
-1.5081595225047023e+01 2.7689477084006051e+00 1.5000000000000000e+03 -3.2912982696177778e+06 -1.2722235649505373e+07 2.3957081608202774e+05
1.4152093793337267e+01 -5.9025271882984924e+00 1.5000000000000000e+03 3.3139787624072111e+06 1.2591235790275086e+07 5.1021417347241128e+04
-1.4993564392561259e+01 -3.2116370825697702e+00 1.5000000000000000e+03 3.4651405801100740e+06 -1.2767861181652740e+07 3.2036681036901003e+05
1.2541663921231967e+01 8.8220321939384529e+00 1.5000000000000000e+03 -7.1136531606373200e+06 1.1087798884597765e+07 1.1355496163445709e+06
1.1341931733966057e+01 1.0319019841345003e+01 1.5000000000000000e+03 -6.7918555729955053e+06 1.0975555582345476e+07 -3.6941846017690346e+05
-5.8028048841080002e+00 1.4193274513690998e+01 1.5000000000000000e+03 -1.1560407008005550e+07 -5.7760809855751088e+06 8.2648709649919753e+05
8.6869773595442901e+00 1.2635585079401073e+01 1.5000000000000000e+03 -1.0754871061306080e+07 5.9150660872320952e+06 -3.1699726479332428e+04
7.3851123760461821e+00 1.3438069100030242e+01 1.5000000000000000e+03 -9.5335575701438580e+06 8.8259994092141315e+06 -2.1193359838424744e+06
-1.2921074354162931e+01 -8.2563565498475846e+00 1.5000000000000000e+03 7.9010326245109811e+06 -1.0305078676398451e+07 4.9102015888575399e+04
-1.2858168074531136e+01 -8.3539870547617205e+00 1.5000000000000000e+03 6.8483653390229875e+06 -1.0788885361970220e+07 -2.1711859560227199e+06
-3.0329748964686338e+00 1.5030723509578946e+01 1.5000000000000000e+03 -1.3106112731306251e+07 1.0101383925482533e+05 -2.7731310474021256e+05
1.4954454209697555e+01 3.3890832438990324e+00 1.5000000000000000e+03 -3.3087522709028055e+06 1.2434639905132806e+07 -2.0036485065940060e+06
1.4979903751021007e+01 -3.2747625187431360e+00 1.5000000000000000e+03 1.2137725341424663e+06 1.3089585453897016e+07 7.3724389944759069e+05
-7.7077491392798461e+00 1.3255647443635066e+01 1.5000000000000000e+03 -1.1045386211341659e+07 -6.6847294407050768e+06 5.8100891526749532e+05
-1.3970058965173619e+01 -6.3213161962988647e+00 1.5000000000000000e+03 3.4946021505844672e+06 -1.2169535232583283e+07 -2.3291653384355414e+06
1.0147582115921729e+01 -1.1495571457941690e+01 1.5000000000000000e+03 8.9919126616915278e+06 9.4246340461883862e+06 -2.5555204338306847e+01
1.4752971323289479e+01 4.1798831416938427e+00 1.5000000000000000e+03 -4.8397316967911087e+06 1.3026762571879804e+07 -3.7051949290699861e+05
-7.6251632646263472e+00 1.3303325566632239e+01 1.5000000000000000e+03 -1.1779984430562051e+07 -5.4775235739827985e+06 -7.8464416338171158e+05
-1.4776477506806403e+01 4.0960100628370748e+00 1.5000000000000000e+03 -4.2059734050283302e+06 -1.2457376572679002e+07 2.3196594570642691e+06
1.4983177784807225e+01 -3.2597499003569808e+00 1.5000000000000000e+03 1.9194824637221773e+06 1.3382214895511197e+07 2.1533496740050340e+05
5.5158046727675447e-01 1.5323751007248092e+01 1.5000000000000000e+03 -1.3242681206551611e+07 -7.3955525230777403e+05 6.4531466625638632e+05
1.2492213374737366e+01 8.8919171692077139e+00 1.5000000000000000e+03 -8.6882670036235601e+06 9.0531885869940408e+06 1.9754547167030692e+06
1.1218473356278894e+01 -1.0453106786906881e+01 1.5000000000000000e+03 8.3801151732264180e+06 9.7254251013166569e+06 -2.9543801495395030e+05
4.4757753524484256e-01 -1.5327141295556789e+01 1.5000000000000000e+03 1.3187984031123018e+07 -1.4387052764513677e+06 -2.0385152271406278e+06
1.5315650716328179e+01 -7.4325572951324415e-01 1.5000000000000000e+03 -3.9580246193959459e+05 1.3804776735615758e+07 -1.1578798861338233e+06
1.2562032199567197e+01 -8.7930047743109441e+00 1.5000000000000000e+03 6.6212291159926169e+06 1.0734143790779708e+07 -7.6305605522461107e+05
-2.2932335383005715e+00 1.5161222440253015e+01 1.5000000000000000e+03 -1.3072005652955234e+07 -5.9047532414301299e+05 -1.0138180357214086e+06
-1.3804861837092833e+01 6.6743820390202444e+00 1.5000000000000000e+03 -5.3195981336650783e+06 -1.1541244252141418e+07 -4.9678405723391351e+05
-1.3926128860741297e+01 6.4175167236281077e+00 1.5000000000000000e+03 -5.5369447860754048e+06 -1.1909864060981741e+07 -1.5122824105442616e+06
1.3537579578848655e+01 7.2010780505670091e+00 1.5000000000000000e+03 -6.5043314236661978e+06 1.0642242148763888e+07 3.7711910725816427e+05
6.1426251224971153e+00 1.4049545990831357e+01 1.5000000000000000e+03 -1.3236940725231377e+07 2.6644210891021155e+06 6.7451178817337949e+05
9.7232839636645796e+00 1.1856615659873661e+01 1.5000000000000000e+03 -8.9127387632101346e+06 9.0833861380288620e+06 -2.2005426102519715e+06
1.4146387389365419e+01 -5.9161904781726866e+00 1.5000000000000000e+03 3.8016875693367831e+06 1.2507551913856115e+07 -1.5763219262892191e+05
-1.5286089938977538e+01 1.2070792523723679e+00 1.5000000000000000e+03 -5.9400725305686728e+05 -1.3281371723842315e+07 -2.7834471278645406e+06
-9.9587161951232961e+00 -1.1659569361216008e+01 1.5000000000000000e+03 8.8481146224727575e+06 -9.0040659839528929e+06 1.6583314956323667e+06
3.9409167608987900e-01 -1.5328609776977650e+01 1.5000000000000000e+03 1.3151508133575177e+07 -1.1237529480008896e+05 -6.9421940789151820e+05
7.9021217443381566e+00 -1.3140702335936091e+01 1.5000000000000000e+03 9.4987995912802108e+06 8.3758791732941475e+06 1.4280286812414203e+06
-1.1516281028792434e+01 1.0124073153128318e+01 1.5000000000000000e+03 -6.7198379897698108e+06 -1.1006941509210551e+07 1.2689697743915178e+04
-7.4646526848460990e+00 -1.3394048911312742e+01 1.5000000000000000e+03 1.0715921261710482e+07 -7.5872959266152401e+06 -2.5692362721333327e+06
1.4210813631098651e+01 -5.7597189068737453e+00 1.5000000000000000e+03 5.7796904327487387e+06 1.1781913221880162e+07 -3.5496463290678081e+05
-1.3236277639188057e+01 7.7409650691853908e+00 1.5000000000000000e+03 -6.6497385185104478e+06 -1.1206097126751861e+07 -6.8123415367904631e+05
1.5156344923529831e+01 2.3252514924217609e+00 1.5000000000000000e+03 -2.2021983067083084e+06 1.2684854704133885e+07 1.7925261940206622e+06
9.5450876806774876e-01 1.5303937367739712e+01 1.5000000000000000e+03 -1.3012652880224887e+07 1.0080450511782215e+06 1.4254467737515084e+06
8.0190662075976000e+00 1.3069665760920756e+01 1.5000000000000000e+03 -1.0661095104890486e+07 6.9170280837848941e+06 -2.6067486567897764e+06
1.3073965068552855e+01 -8.0120548756406951e+00 1.5000000000000000e+03 7.3580692010309519e+06 1.0925268609990858e+07 8.0566967911820649e+05
-6.5723223197762950e+00 1.3853741922996418e+01 1.5000000000000000e+03 -1.1612749344279841e+07 -5.7009264902817709e+06 -4.1630257390213333e+05
-1.5278721854476986e+01 -1.2970136612794085e+00 1.5000000000000000e+03 3.1809246755834105e+06 -1.2913601489212509e+07 1.5025525166188108e+06
-1.5254217235392934e+01 -1.5589876457044871e+00 1.5000000000000000e+03 2.0734317829955705e+06 -1.2989678562107597e+07 4.9987988404805312e+05
-1.3829134663451025e+01 6.6239429650439643e+00 1.5000000000000000e+03 -4.1719557437403356e+06 -1.2398351037672956e+07 -2.4856800205495199e+06
1.0577176058721117e+01 -1.1101573427529761e+01 1.5000000000000000e+03 1.0490223634620422e+07 8.0013215238623628e+06 1.4603310694446214e+06
9.3215366656432881e+00 -1.2174996514787424e+01 1.5000000000000000e+03 9.2478849525620695e+06 8.5706763487965371e+06 -3.8608574254714521e+06
7.1722568314522670e+00 -1.3552871204571540e+01 1.5000000000000000e+03 1.0791339543535659e+07 5.9414466895726202e+06 -6.6904292486552935e+04
1.1477640368405497e+01 -1.0167859042963107e+01 1.5000000000000000e+03 9.8229162971698213e+06 7.8883626838822421e+06 8.3413251787961333e+05
1.3181353915900775e+01 -7.8341237472856795e+00 1.5000000000000000e+03 6.6680108485180521e+06 1.0734616188299159e+07 -5.6145584385230800e+05
1.0347557405901888e+01 1.1315902159155632e+01 1.5000000000000000e+03 -1.0529845876943605e+07 7.4358618429330261e+06 2.4592245168696758e+06
-1.1173209264652503e+01 -1.0501475166485022e+01 1.5000000000000000e+03 8.2233327267975574e+06 -9.7431747582174763e+06 1.5361410720040384e+05
5.4692902144708233e+00 -1.4325098620739467e+01 1.5000000000000000e+03 1.2621924745513558e+07 4.0977970455341283e+06 1.0216325310719934e+06
8.3436739814513814e+00 -1.2864862627920649e+01 1.5000000000000000e+03 9.8353985846988168e+06 8.6404820174113624e+06 -1.4356442414453863e+06
-7.8460096390949481e+00 1.3174282473335968e+01 1.5000000000000000e+03 -1.1324971981105348e+07 -6.3720220847285017e+06 2.0507209142891018e+05
2.9491344416352248e+00 -1.5047398180056877e+01 1.5000000000000000e+03 1.2563128729157774e+07 1.3831382413345156e+06 -2.0038327284043541e+06
4.5104046667188165e+00 -1.4655300600344546e+01 1.5000000000000000e+03 1.2794328958683420e+07 9.2214223488952397e+04 -3.4088793242686433e+06
-1.5282586269294695e+01 -1.2506569735876201e+00 1.5000000000000000e+03 4.5506026918703616e+06 -1.2371983463666195e+07 -2.5084146504587461e+06
-1.4459355507654051e+01 5.1037852861667847e+00 1.5000000000000000e+03 -6.1032534538727654e+06 -1.1304314247719426e+07 2.4126189520468304e+05
-5.8323725967068381e+00 1.4181150018147374e+01 1.5000000000000000e+03 -1.1751049622059945e+07 -5.9247612805404728e+06 -1.0130948033182059e+06
-1.5332153418283985e+01 2.1600347733509517e-01 1.5000000000000000e+03 -1.0925557265144300e+06 -1.2526359435737768e+07 5.1594552496001020e+05
-1.2988857128191638e+01 8.1493052739140506e+00 1.5000000000000000e+03 -6.7636964505992029e+06 -1.1230795248562463e+07 1.8205624366827593e+06
1.5328290479661380e+01 -4.0632119701093999e-01 1.5000000000000000e+03 -1.4757242559932540e+06 1.3465055326137234e+07 -2.4200813117503893e+05
1.5325073898753873e+01 5.1351333161943447e-01 1.5000000000000000e+03 7.4705617729260644e+05 1.2915538442161903e+07 1.6418043860658377e+06
-6.1181733452408267e+00 -1.4060211266606302e+01 1.5000000000000000e+03 1.0286297395676432e+07 -7.0423594488820061e+06 2.8910665268934192e+06
1.5308823259516922e+01 8.7264904336840365e-01 1.5000000000000000e+03 -1.4279710111745556e+06 1.3083251290372889e+07 -6.6635466537523665e+05
-1.1417161709894877e+01 1.0235721979134075e+01 1.5000000000000000e+03 -7.6393713101401618e+06 -9.9676839761868026e+06 -2.9636614720803630e+06
7.7168516172325488e+00 1.3250350450521433e+01 1.5000000000000000e+03 -9.7464660086554084e+06 8.6117259104337115e+06 -9.9052887689132488e+05
1.0064832044244522e+01 1.1568091539453114e+01 1.5000000000000000e+03 -1.0184534093286308e+07 7.9253826417166274e+06 -2.0143810163658188e+05
9.6550752400573341e+00 -1.1912225151198658e+01 1.5000000000000000e+03 9.8124093410950508e+06 8.1543772701281765e+06 2.3191199677432254e+06
8.6763516162429113e+00 -1.2642883712798167e+01 1.5000000000000000e+03 1.1687803801027803e+07 6.6797726844579047e+06 -1.0950022879666976e+05
6.6289211376475627e+00 -1.3826749093509560e+01 1.5000000000000000e+03 1.2319427025112161e+07 4.8634685016611852e+06 1.4402526562848050e+05
1.2390515164806049e+01 -9.0330902738060477e+00 1.5000000000000000e+03 7.8308899842915116e+06 9.8288710370332431e+06 -8.9482577307010753e+04
1.2122359469472213e+01 9.3898874773298235e+00 1.5000000000000000e+03 -7.5576139487185143e+06 9.8495589427134115e+06 -1.4067718361783554e+06
-4.7692253908864846e+00 -1.4573128528731974e+01 1.5000000000000000e+03 1.2720697604613030e+07 -3.0090601200721837e+06 1.0234844267123485e+06
4.5646905378493399e+00 1.4638483057943089e+01 1.5000000000000000e+03 -1.1781778143655118e+07 4.4642316698412923e+06 2.6044127760166542e+04
1.1294140663829870e+01 -1.0371305251010728e+01 1.5000000000000000e+03 9.5587693409641292e+06 8.9718178787120394e+06 1.2485436463909533e+06
-9.1836509452312995e+00 -1.2279337981347787e+01 1.5000000000000000e+03 1.0381052752506284e+07 -8.3386607381906444e+06 3.4299679819355435e+04
5.9717967848356246e-01 1.5322041716939177e+01 1.5000000000000000e+03 -1.2381404284813801e+07 3.6223619663253161e+06 2.8602701251063067e+06
6.5657732651742835e+00 1.3856846949228412e+01 1.5000000000000000e+03 -1.1703263055397643e+07 4.8223479752666317e+06 -1.8005582297979593e+06
-3.2664860657553501e+00 1.4981710674226900e+01 1.5000000000000000e+03 -1.2550796047110301e+07 -1.4274765929076171e+06 1.2301606629760012e+06
1.2706724422383935e+01 8.5825835502842462e+00 1.5000000000000000e+03 -5.2174040425467789e+06 1.2160815644774180e+07 2.6994843981224103e+06
6.5526220830507631e+00 -1.3863070719747974e+01 1.5000000000000000e+03 1.1670833305829769e+07 5.8794424887758512e+06 8.5408279266096873e+05
1.4746942389612562e+01 4.2011041526563284e+00 1.5000000000000000e+03 -2.5136754451924497e+06 1.2323261452257575e+07 -2.2525584167993360e+05
1.3709740897025906e+01 -6.8676481040042674e+00 1.5000000000000000e+03 4.0091217316891742e+06 1.2077091681788437e+07 -2.4775180828301003e+05
-5.0699506077741008e+00 -1.4471253808110379e+01 1.5000000000000000e+03 1.1440263207400005e+07 -4.3904798605187731e+06 1.8055619474890218e+06
-1.5315145093677849e+01 7.5360248381585015e-01 1.5000000000000000e+03 -1.3835609513650106e+06 -1.3176968902544905e+07 -5.9085266367233242e+05
6.4867525034165103e+00 1.3894014103326574e+01 1.5000000000000000e+03 -1.2203634916089714e+07 5.9063826217347123e+06 8.3317445129308908e+03
-1.2221437771255513e+01 -9.2605639540660398e+00 1.5000000000000000e+03 7.9917894800450830e+06 -1.0729277176462524e+07 1.3314075933376011e+06
1.0215219907606009e+01 -1.1435509091565098e+01 1.5000000000000000e+03 1.0169077999255611e+07 7.6606642427490782e+06 -5.7318212926416600e+05
-9.2865112101135843e+00 1.2201733298529879e+01 1.5000000000000000e+03 -1.1146726542962786e+07 -7.4759939004699504e+06 -2.3345604999035125e+05
-1.6735490736242171e+00 -1.5242073987557916e+01 1.5000000000000000e+03 1.2690596714980224e+07 -1.1676846918991876e+06 -1.1090600919067892e+06
-6.4737268476375343e-01 -1.5320003085869137e+01 1.5000000000000000e+03 1.3213829497748695e+07 5.6097535134121776e+05 -1.5764294032555511e+06
-7.7135369547267443e+00 1.3252280316688255e+01 1.5000000000000000e+03 -1.1112420458756274e+07 -6.4215838173144460e+06 -7.7735531296060397e+05
-1.4952009208985592e+01 3.3998539025123056e+00 1.5000000000000000e+03 -4.3903652518655062e+06 -1.2323778931315444e+07 -1.2228672806622901e+06
-1.4674424185610860e+01 4.4477927969698801e+00 1.5000000000000000e+03 -5.5796834066149229e+06 -1.1946205584665207e+07 -2.2122384292079336e+06
3.6943709424285296e+00 -1.4881975987205390e+01 1.5000000000000000e+03 1.1428714642333468e+07 5.1848003170878254e+06 -2.4438956623476181e+04
-1.4823364082694946e+01 3.9229406337449961e+00 1.5000000000000000e+03 -3.2664642344189021e+06 -1.1980555986212319e+07 2.5536291741350419e+06
1.4340661996751287e+01 -5.4283514476267580e+00 1.5000000000000000e+03 5.1682271600006558e+06 1.2253579722613424e+07 1.8553385091105541e+06
-1.4329691586414437e+01 -5.4572451825313282e+00 1.5000000000000000e+03 2.0088746997158013e+06 -1.2789472876925467e+07 -2.8948357115123337e+06
-2.6648288210573980e+00 1.5100340171614675e+01 1.5000000000000000e+03 -1.3371568955078896e+07 -2.0187548138431371e+06 -4.7959326951156888e+05
-8.1708914875809029e+00 1.2975288753711652e+01 1.5000000000000000e+03 -1.0803344170049375e+07 -6.2067354022906255e+06 -1.9661039306070430e+06
8.8307124903484784e+00 1.2535553552070267e+01 1.5000000000000000e+03 -1.2326791854372669e+07 6.4345505679633152e+06 -2.0048968598452970e+05
1.3122517299222796e+01 -7.9322837616676685e+00 1.5000000000000000e+03 5.0552669103308916e+06 1.2572385742708147e+07 2.2458121960759578e+04
1.0889515259708206e+01 -1.0795371385580035e+01 1.5000000000000000e+03 9.3767469743714444e+06 9.9231769148956649e+06 4.3350998203804204e+05
-1.3557116874056959e+01 7.1642283609037891e+00 1.5000000000000000e+03 -5.6159093471600907e+06 -1.1858228306602171e+07 -1.2662902430354161e+06
1.3130943905315748e+01 7.9183267234605399e+00 1.5000000000000000e+03 -7.8220630170723489e+06 1.0276226266872458e+07 -6.8570281586921265e+04
-8.6725092503096111e+00 1.2645519730217194e+01 1.5000000000000000e+03 -1.0384961196901668e+07 -7.4749503348195227e+06 1.8391168110141919e+06
1.1441688250189856e+01 1.0208298385602054e+01 1.5000000000000000e+03 -7.9478404479198661e+06 1.0329456800059857e+07 1.1960532241144814e+06
-1.4083667769371225e+01 6.0639828583194593e+00 1.5000000000000000e+03 -4.3143084054075032e+06 -1.1974675115076987e+07 -2.1919888766738126e+05
1.4661323517152669e+01 -4.4907882013522080e+00 1.5000000000000000e+03 4.9344514621962747e+06 1.2561050254746990e+07 8.9519574797758111e+05
1.5136683833708886e+01 -2.4499772371093940e+00 1.5000000000000000e+03 5.1193197545314422e+06 1.2485395475820340e+07 2.7388774937749124e+05
1.4023800741438880e+01 6.2011772034377817e+00 1.5000000000000000e+03 -3.5963212212196467e+06 1.2550044865858881e+07 2.9396463295459171e+05
-9.7250008623889528e+00 -1.1855207470582378e+01 1.5000000000000000e+03 1.0335772155389396e+07 -6.8307773983820304e+06 -2.6424500429527456e+05
1.3556919974116648e+01 -7.1646009490700342e+00 1.5000000000000000e+03 3.8945552350842324e+06 1.2997900888317591e+07 -6.8739710995200649e+05
-1.0917482362733617e+01 -1.0767087108564624e+01 1.5000000000000000e+03 8.2010824203963885e+06 -1.0336136448347528e+07 7.0777255663955945e+05
1.0083842866708366e+01 -1.1551523665021550e+01 1.5000000000000000e+03 8.9198654335607421e+06 9.6421569296373203e+06 -6.3103472310953995e+05
1.5204274507431128e+01 -1.9878688705993746e+00 1.5000000000000000e+03 2.0763492732714887e+06 1.2932704765152665e+07 -1.1874349268448104e+06
-1.2866374570900460e+01 8.3413422987732666e+00 1.5000000000000000e+03 -5.9741498694602698e+06 -1.1094132985501869e+07 1.7341449991228168e+06
1.2748235785599185e+01 -8.5208022098148994e+00 1.5000000000000000e+03 6.6052513809178714e+06 1.0711882577670269e+07 -1.5885758727901930e+05
3.6007916737721324e+00 -1.4904894674774171e+01 1.5000000000000000e+03 1.2151803673806122e+07 3.3572326769520808e+06 -8.7671482331788307e+05
6.0074040066636814e+00 1.4107894351913021e+01 1.5000000000000000e+03 -1.1665424648269456e+07 4.6955716326573873e+06 -1.6012250009103608e+06
-1.3911017279108401e+01 6.4502080745016004e+00 1.5000000000000000e+03 -5.5069663952198522e+06 -1.2074295659380209e+07 2.7356577377727453e+05
1.1115479048360479e+01 1.0562561785356682e+01 1.5000000000000000e+03 -8.1587860684069078e+06 1.0086888860659927e+07 2.7810532180497446e+06
5.2011357298443430e+00 -1.4424623844792441e+01 1.5000000000000000e+03 1.1407465911324274e+07 6.7215859426950831e+06 4.6138443825800327e+05
1.0639952417329653e+01 1.1041421941986412e+01 1.5000000000000000e+03 -9.6565179625732172e+06 9.0022971221102271e+06 1.1827028587018216e+06
4.6239709533029760e+00 1.4619865887450146e+01 1.5000000000000000e+03 -1.2439236623190945e+07 3.6618807789251055e+06 -2.7875157183873546e+06
-1.0288900021902871e+01 1.1369262169697082e+01 1.5000000000000000e+03 -1.0881428663347853e+07 -7.5086339456957569e+06 1.8003841924407633e+06
1.4940739383583608e+00 -1.5260711943115121e+01 1.5000000000000000e+03 1.2729120071108827e+07 1.4289368209033981e+06 1.0919945899929074e+06
-1.4161982237465301e+01 5.8787622038772271e+00 1.5000000000000000e+03 -4.0267606185408593e+06 -1.2194270705614805e+07 3.4284380675681820e+06
-7.2795770726385522e-01 1.5316385458731876e+01 1.5000000000000000e+03 -1.2767385586080432e+07 -2.7123876538336989e+06 -9.6225186226216180e+05
-1.3926134495429315e+01 -6.4175044962377523e+00 1.5000000000000000e+03 6.5669354244072577e+06 -1.0955659516837519e+07 1.1892819006591681e+06
-1.2748127522018390e+01 -8.5209641840800714e+00 1.5000000000000000e+03 6.8350338975126585e+06 -1.0501640824815607e+07 1.5882096764327257e+06
1.5303058866585676e+01 -9.6849123374019863e-01 1.5000000000000000e+03 -3.9628084354288742e+05 1.3037745278905256e+07 2.1792022522764942e+06
1.3313054025562421e+01 7.6081652490251752e+00 1.5000000000000000e+03 -7.0054195605458971e+06 1.0673807916703261e+07 -2.3875760440539005e+06
7.5205574554487544e+00 1.3362739296391000e+01 1.5000000000000000e+03 -1.0137565336896379e+07 6.9300455139578665e+06 -1.7704566276089214e+06
-1.2324295911127223e+01 -9.1232294851653783e+00 1.5000000000000000e+03 8.3128965020593284e+06 -1.0411737749004668e+07 -1.0557568354819180e+06
1.4717000793482113e+01 -4.3048198090820202e+00 1.5000000000000000e+03 5.0786008010005420e+06 1.2004172284670273e+07 -3.6398785489505958e+06
-5.4336887090440449e+00 -1.4338640554711782e+01 1.5000000000000000e+03 1.1990811141921679e+07 -5.6135270314104529e+06 7.7615281142504362e+05
1.2127978814905223e+01 9.3826284062211602e+00 1.5000000000000000e+03 -8.8541670463105738e+06 9.9521405120156575e+06 4.6619791155241709e+05
3.5782041526858630e+00 1.4910333362662277e+01 1.5000000000000000e+03 -1.2749844239705352e+07 2.8228032546097776e+06 -7.2840415665002516e+05
-1.5284858351286223e+01 1.2225756112134338e+00 1.5000000000000000e+03 -3.1673204523017146e+06 -1.2423028894867782e+07 7.1913799882915802e+05
-1.4987630460743397e+01 3.2392158180977715e+00 1.5000000000000000e+03 -4.8003397427601777e+06 -1.2333105300144989e+07 9.5051513504166401e+05
2.2022351309552057e-01 -1.5332093384410950e+01 1.5000000000000000e+03 1.2346663127773954e+07 7.4999740267474775e+05 2.1071734594795783e+06
-5.1059875757250746e+00 -1.4458577966748988e+01 1.5000000000000000e+03 1.1980567112412265e+07 -5.1946297538453285e+06 -1.2642409046786194e+05
4.9215478611866095e+00 -1.4522394864280050e+01 1.5000000000000000e+03 1.3408412126838984e+07 3.5108200567330844e+06 -4.5615728876971250e+05
6.4374158533429526e-01 -1.5320156093047139e+01 1.5000000000000000e+03 1.2838569023014350e+07 1.3603815412133187e+06 4.1305689304753265e+05
-1.2645358103472837e+01 8.6727449160546630e+00 1.5000000000000000e+03 -9.3121638778297938e+06 -9.6709523052026182e+06 5.0671627685547218e+05
1.1678375701645543e+01 -9.9366557208767716e+00 1.5000000000000000e+03 7.9826866328613209e+06 9.9765363737564199e+06 1.3825386711676645e+06
6.3467610967367127e-01 1.5320534330754512e+01 1.5000000000000000e+03 -1.2716099581156138e+07 2.1215491300449759e+05 -1.8323629898633112e+06
-1.0007728322395867e+01 -1.1617528126461917e+01 1.5000000000000000e+03 9.7253682578329705e+06 -8.6088768580681384e+06 6.1887950849719986e+05
3.5743309327739365e+00 1.4911262331775720e+01 1.5000000000000000e+03 -1.2854602078642337e+07 1.9734095304263725e+06 -5.4763994839950651e+05
1.5326518010809430e+01 -4.6843527658823209e-01 1.5000000000000000e+03 6.0044923948932393e+05 1.3044318889547184e+07 2.0521233496926879e+06
-1.2700215504038763e+01 -8.5922122934080001e+00 1.5000000000000000e+03 7.9669144361416772e+06 -1.0292907654409980e+07 1.5448537697945149e+06
-1.4609569018034939e+01 -4.6564019426260597e+00 1.5000000000000000e+03 3.6699913727564383e+06 -1.1896656915205315e+07 -1.5105583150518627e+06
1.2399891469487114e+01 -9.0202149358515182e+00 1.5000000000000000e+03 6.8993909442041358e+06 1.1078871938035905e+07 1.7019296587201138e+06
1.2473708444904331e+01 -8.9178575664528577e+00 1.5000000000000000e+03 7.4051579386234088e+06 1.0966939195375299e+07 -8.6395674758594751e+05
8.3648133627237709e+00 -1.2851127707357668e+01 1.5000000000000000e+03 1.0738604524754917e+07 6.7482630836594570e+06 2.7946626761425356e+05
9.1976959222992960e+00 -1.2268821282622753e+01 1.5000000000000000e+03 9.8292338156200703e+06 7.6472810628276188e+06 1.4866002205834961e+06
-1.8238612335686817e+00 -1.5224819084137042e+01 1.5000000000000000e+03 1.2133541404856764e+07 -2.8116240331719648e+06 2.0755093823116478e+06
-1.2988301843410722e+01 8.1501902535138235e+00 1.5000000000000000e+03 -6.0704073748347750e+06 -1.0716596624603672e+07 -6.4201243935015763e+05
1.5274465137976197e+01 1.3462171789009085e+00 1.5000000000000000e+03 1.5110387791059217e+06 1.2307441686041074e+07 1.2487295888338145e+06
8.2907810730683824e+00 -1.2899012952256042e+01 1.5000000000000000e+03 1.0955338450757474e+07 7.7791596536248680e+06 8.5430611393575196e+05
4.2260951568436536e+00 1.4739800055269432e+01 1.5000000000000000e+03 -1.2784907350952167e+07 3.7400046388506875e+06 2.1124157060040106e+05
2.8413572873593602e+00 -1.5068121140659441e+01 1.5000000000000000e+03 1.2834853543589218e+07 1.0642272469322670e+06 -1.4268853028135246e+06
-1.2622328975255302e+01 -8.7062274944116034e+00 1.5000000000000000e+03 6.5826901811520774e+06 -1.0676884702379096e+07 -8.7633843651000899e+05
-1.5251481062183249e+01 1.5855318835910737e+00 1.5000000000000000e+03 -2.5745263238104312e+06 -1.2808356745528458e+07 -2.4873782472018418e+04
9.7919553815821825e+00 -1.1799965921523750e+01 1.5000000000000000e+03 8.4305088560831696e+06 1.0094447951942023e+07 -8.1139341815446666e+05
-1.1757937141615431e+01 9.8423828475546742e+00 1.5000000000000000e+03 -7.8158274267172804e+06 -9.8925373550546076e+06 -3.9147592778803878e+06
-1.0590990193357888e+01 -1.1088395405477529e+01 1.5000000000000000e+03 9.6565667013009954e+06 -8.7167269091409687e+06 6.9820519350930699e+05
1.0573233900694667e+01 -1.1105328037713209e+01 1.5000000000000000e+03 9.9890074933689721e+06 8.2354196261042133e+06 -3.9252036475644470e+05
-1.1575453028238384e+01 1.0056364807178834e+01 1.5000000000000000e+03 -8.5312815049470104e+06 -9.4730739896975867e+06 -9.7617440454334626e+05
-1.3985324879175810e+01 -6.2874695997614358e+00 1.5000000000000000e+03 6.4290359457411962e+06 -1.1583471041119989e+07 -1.3121780600108383e+06
6.3685735722150190e+00 1.3948579017208260e+01 1.5000000000000000e+03 -1.0992570846531296e+07 6.0395949056319725e+06 -2.0996325930002057e+06
1.4482999492179916e+01 5.0362994007042898e+00 1.5000000000000000e+03 -5.2439213287064796e+06 1.1730076007159749e+07 1.1554662537018529e+06
1.3003260389815501e+00 -1.5278440304440918e+01 1.5000000000000000e+03 1.2793330928560805e+07 1.2165167200171552e+06 1.7243934022036926e+06
-3.6507943082521748e+00 -1.4892725971522191e+01 1.5000000000000000e+03 1.2567023644640042e+07 -4.4051799151792489e+06 -1.2434603617686296e+06
-1.3798467764901734e+01 6.6875909926509314e+00 1.5000000000000000e+03 -6.5672806013937974e+06 -1.1392771620620999e+07 1.6648073371177856e+06
-8.4359178328499933e+00 1.2804564665049007e+01 1.5000000000000000e+03 -1.0549695822463112e+07 -6.6125542149199136e+06 4.4579100103573926e+05
3.1966330354906352e+00 -1.4996770425009114e+01 1.5000000000000000e+03 1.2288037399351239e+07 2.9482627982485741e+06 1.6923906759881889e+06
1.9987484918098593e+00 -1.5202848101934910e+01 1.5000000000000000e+03 1.2587162026196912e+07 1.4241018745637357e+06 2.7469093297877409e+06
-1.5307646268025188e+01 -8.9305748808945118e-01 1.5000000000000000e+03 2.3711393171207083e+05 -1.2395079346746974e+07 -2.2096625008161692e+06
3.2770824910722163e+00 1.4979396392736458e+01 1.5000000000000000e+03 -1.2034173519030895e+07 1.7533148060993638e+06 -4.2848627331785299e+06
-1.1166172683095605e+01 -1.0508956825266131e+01 1.5000000000000000e+03 1.0943493337738493e+07 -6.8982250237513492e+06 -2.2389944653598531e+06
-1.4589430234279176e+01 4.7191218868682272e+00 1.5000000000000000e+03 -3.5599501741837119e+06 -1.2342198285581743e+07 3.7226856149554503e+05
9.7466985336428069e-01 1.5302666585303392e+01 1.5000000000000000e+03 -1.3135029898980407e+07 -2.0710124067451412e+05 4.8607494467946643e+05
1.1695656162930051e+01 9.9163104460547409e+00 1.5000000000000000e+03 -7.7467268880602270e+06 1.0162077730445514e+07 8.7143975695267832e+05
-1.1463821581573818e+01 1.0183436585448966e+01 1.5000000000000000e+03 -9.9904066947636027e+06 -8.8641420558079891e+06 6.1345474353356997e+05
-1.0082708301532666e+01 -1.1552513979659247e+01 1.5000000000000000e+03 9.4765217441343535e+06 -8.6644152120083496e+06 -2.2057050280841291e+06
-3.5212713702312013e+00 1.4923881327630832e+01 1.5000000000000000e+03 -1.2788870506866226e+07 -1.5612322888523312e+06 1.4828561574240793e+06
1.4669854238052713e+01 -4.4628424326100724e+00 1.5000000000000000e+03 3.1350581585935066e+06 1.2591169712465333e+07 -1.3634100426839616e+06
-1.5093609994239822e+01 -2.7026881591855720e+00 1.5000000000000000e+03 1.5544058734597024e+06 -1.2231097492253361e+07 -1.1940924726724750e+06
1.5331302117170408e+01 2.6974309270916064e-01 1.5000000000000000e+03 -2.6498297206130857e+06 1.2686617460481098e+07 1.2759439862159698e+06
-1.4912427808089802e+01 3.5694653398692755e+00 1.5000000000000000e+03 -1.5278513658753228e+06 -1.2641014919870194e+07 4.8182581281477760e+05
-2.6228272196817519e+00 -1.5107692190394753e+01 1.5000000000000000e+03 1.2985882494422600e+07 -3.4484263048964012e+06 1.1896750303370362e+05
1.2381291490253080e+01 -9.0457286592847090e+00 1.5000000000000000e+03 8.3999897186327614e+06 9.7973607336632051e+06 9.9134208423562010e+05
1.1540397321067214e+01 1.0096574449580549e+01 1.5000000000000000e+03 -6.8677260179405073e+06 1.0878068463372566e+07 4.8603900037975429e+05
3.0884372822255721e+00 1.5019425458311552e+01 1.5000000000000000e+03 -1.2511875377917148e+07 2.8498643144150665e+06 -4.2976222341528872e+05
1.5315948944080587e+01 -7.3708472127353919e-01 1.5000000000000000e+03 7.0818708663061680e+05 1.3132507286387440e+07 1.7540620197589411e+06
-1.5314204045686445e+01 -7.7248973527099596e-01 1.5000000000000000e+03 6.4764133205292618e+05 -1.3623389290804092e+07 6.1225254370627692e+05
9.1573381720291867e+00 1.2298973272070935e+01 1.5000000000000000e+03 -1.1599933278023249e+07 5.4654651204284765e+06 1.7631719555766659e+06
-8.2838557635305365e-01 -1.5311282221973062e+01 1.5000000000000000e+03 1.3268283926328577e+07 2.2789243976195974e+05 3.8200185140329419e+05
1.2695426386927434e+01 8.5992868773012070e+00 1.5000000000000000e+03 -9.1258898537228368e+06 9.3153468984926213e+06 -7.9844833001220808e+05
-9.0173644372957966e+00 1.2401964543934611e+01 1.5000000000000000e+03 -1.1713910965243760e+07 -5.5820335718025388e+06 7.0124307399729325e+05
7.8252625758710099e+00 -1.3186616380356664e+01 1.5000000000000000e+03 1.0137818502229283e+07 7.7407228089079922e+06 2.6144363185441601e+06
5.4137709317776599e+00 -1.4346172668773278e+01 1.5000000000000000e+03 1.0910601966842698e+07 7.6969953221068131e+06 -2.6030030008134916e+06
-1.8235124065886370e+00 1.5224860867904029e+01 1.5000000000000000e+03 -1.2427235834564062e+07 -2.9944940503412350e+06 -2.0817752219637532e+06
-4.3213957239164467e+00 1.4712142092208556e+01 1.5000000000000000e+03 -1.2409266493397409e+07 -3.4790019385773945e+06 -4.3781330382525420e+05
-8.8724993528405278e+00 1.2506012201251945e+01 1.5000000000000000e+03 -1.0372467602176465e+07 -6.6586342961715339e+06 1.3496465997439721e+06
-1.4021097257197339e+00 1.5269435950979338e+01 1.5000000000000000e+03 -1.2694165798967920e+07 -1.3003743694956054e+06 8.9056713696450694e+05
-1.2515743300634810e+01 8.8587671589580115e+00 1.5000000000000000e+03 -8.1862076781666465e+06 -1.0221964376147188e+07 1.8064702502116412e+06
-1.3611550835932897e+01 7.0602598949920079e+00 1.5000000000000000e+03 -6.3386254725267868e+06 -1.1261737286130296e+07 -5.3545410643747379e+05
-1.4999388753028185e+01 3.1843245719539470e+00 1.5000000000000000e+03 -2.3775738135056095e+06 -1.2531003703195846e+07 -1.6677730903749838e+06
-1.0106336007824256e+01 -1.1531849740651888e+01 1.5000000000000000e+03 8.6460652549618669e+06 -9.9247119013166204e+06 -5.5585561442295520e+05
-2.4375978829197691e+00 1.5138682323940982e+01 1.5000000000000000e+03 -1.1690571985053323e+07 -2.7330278179887640e+06 1.5548456922260551e+06
-3.1512769055610934e+00 -1.5006366642478632e+01 1.5000000000000000e+03 1.1279922820247492e+07 -5.5368142830739589e+06 1.6543130298888660e+06
-2.6272158560733279e+00 -1.5106929628141351e+01 1.5000000000000000e+03 1.2080650926517367e+07 -4.9097568258980345e+06 6.7203323280713882e+05
1.3042696424440789e+01 8.0628565610394887e+00 1.5000000000000000e+03 -5.4537278755189413e+06 1.1664428379444644e+07 7.9750707338441128e+05
-5.4770335406416439e+00 -1.4322139837981773e+01 1.5000000000000000e+03 1.1395017904153366e+07 -3.1203646818056703e+06 2.5140502184995646e+06
-5.2552708482428141e+00 -1.4404989214005937e+01 1.5000000000000000e+03 1.2043541130174827e+07 -3.6999936082126275e+06 1.9255253975419950e+05
-3.9773076016764812e+00 -1.4808869308143162e+01 1.5000000000000000e+03 1.0749171217217704e+07 -6.2645636458604876e+06 8.2932397771751799e+05
7.7075597189574800e+00 1.3255757583884906e+01 1.5000000000000000e+03 -1.2089116427920528e+07 5.8093922665573908e+06 2.7549292168612974e+06
-3.1253425405881168e+00 1.5011789365295808e+01 1.5000000000000000e+03 -1.2394944257964514e+07 -2.7712474201381193e+06 -1.7282694832905591e+06
-9.2844133054500677e+00 1.2203329689785482e+01 1.5000000000000000e+03 -1.1039860197784964e+07 -7.6223542187969517e+06 -2.4024307964172703e+05
-8.5921048936307329e+00 1.2700288163693960e+01 1.5000000000000000e+03 -1.2043681681718944e+07 -4.1201696380645018e+06 -1.1666169778529140e+06
-7.8011579192549618e-01 -1.5313817463167261e+01 1.5000000000000000e+03 1.2951757807286704e+07 1.4871914839486463e+06 1.0758351847804629e+06
5.1136500758577403e+00 -1.4455869702155532e+01 1.5000000000000000e+03 1.2169476023592059e+07 4.2883092807524921e+06 1.1804141398409016e+05
-1.0347361024747677e+00 1.5298722402287501e+01 1.5000000000000000e+03 -1.2924915431986380e+07 -2.0172534260987688e+06 3.9172467703245842e+05
8.0942471779696952e+00 1.3023238789408254e+01 1.5000000000000000e+03 -1.0025094985654956e+07 8.4234624383709170e+06 1.4482041666007880e+06
1.3281031818319034e+01 -7.6639271776821802e+00 1.5000000000000000e+03 6.2730378595376825e+06 1.1148146866727278e+07 1.0944023051403738e+06
-1.4384507280897427e+01 5.3110767486289410e+00 1.5000000000000000e+03 -3.3838106616873364e+06 -1.2557076955611207e+07 -2.2454321135640857e+06
-1.4724434816055302e+01 -4.2793229945584370e+00 1.5000000000000000e+03 3.8814575282165483e+06 -1.2141149803298300e+07 -2.2528778582477520e+05
4.1672098561856830e+00 1.4756556100883667e+01 1.5000000000000000e+03 -1.2076413782852070e+07 3.6199659581451723e+06 -3.5246948718182824e+05
1.0668020223629936e+01 1.1014305718121356e+01 1.5000000000000000e+03 -8.8812074411255550e+06 1.0034611818819484e+07 3.5781655749951635e+05
1.2668148591450857e+01 -8.6394211153838221e+00 1.5000000000000000e+03 7.8569418549244907e+06 1.0578546860993443e+07 1.5987534709102565e+06
-1.0193957569265274e+01 -1.1454467033434483e+01 1.5000000000000000e+03 8.7280134828486610e+06 -1.0249758092821877e+07 -4.3473608309357289e+04
1.0048173095339347e+01 -1.1582564629222517e+01 1.5000000000000000e+03 8.9245492611389365e+06 9.5831456010768916e+06 -1.5705405658988962e+06
-1.4002672114488648e+00 1.5269605026999203e+01 1.5000000000000000e+03 -1.3004746049379833e+07 -9.3094062329183309e+05 2.1349390699461363e+06
-1.4889315009565543e+01 3.6646806804883170e+00 1.5000000000000000e+03 -2.3952523625508221e+06 -1.2778814992430368e+07 -6.5587443750589364e+05
2.8433243095773415e+00 -1.5067750091323676e+01 1.5000000000000000e+03 1.2560235525000839e+07 2.0967168894621942e+06 2.5672446684009824e+06
1.2201868528191961e+00 1.5285049230808037e+01 1.5000000000000000e+03 -1.2846136044863796e+07 1.7474326460261540e+06 -1.7236990578446838e+06
2.2566002996849468e+00 -1.5166718202415442e+01 1.5000000000000000e+03 1.3048183139570048e+07 8.4905549988453893e+05 -1.2951296037927356e+06
-1.2516439939425483e+01 8.8577828595406842e+00 1.5000000000000000e+03 -8.4098359705803115e+06 -9.5466197752731927e+06 -4.8242821704039973e+05
9.3258411487974318e+00 -1.2171699668140629e+01 1.5000000000000000e+03 1.0733541447758289e+07 6.5420745455179065e+06 2.5487091965318639e+06
1.3546383861429648e+01 7.1845020859358444e+00 1.5000000000000000e+03 -4.2894630464896308e+06 1.2758176995947504e+07 -3.5782771717703791e+05
7.8704965750250961e+00 1.3159668293940250e+01 1.5000000000000000e+03 -1.1890408399880543e+07 6.5280362303033909e+06 6.7772006144949002e+05
1.2598439519483252e+01 8.7407612722199843e+00 1.5000000000000000e+03 -6.6796778733041594e+06 1.0916433095903853e+07 1.8419685653126817e+06
1.4620781887480746e+01 -4.6210737867656961e+00 1.5000000000000000e+03 3.3677174013680946e+06 1.1742600055289317e+07 2.2683279224031675e+05
2.7049185385458721e+00 -1.5093210448537747e+01 1.5000000000000000e+03 1.2470734681664497e+07 3.8473779474766944e+06 1.1331460356629884e+06
-6.1876006604129792e+00 -1.4029796292579411e+01 1.5000000000000000e+03 1.1267362789971258e+07 -5.5461004054178363e+06 -1.3631348467389592e+06
-1.5004277154445209e+01 3.1612106884248812e+00 1.5000000000000000e+03 -3.6966885012878403e+06 -1.2265255742671905e+07 9.1116497595217021e+05
-4.4386184147690795e+00 -1.4677201794350683e+01 1.5000000000000000e+03 1.2392062695817666e+07 -3.7573566617912152e+06 7.1423407345379610e+05
6.4638409440375417e+00 1.3904687921496189e+01 1.5000000000000000e+03 -1.0800684284346556e+07 7.6936509142279634e+06 1.0044861480197514e+06
-1.3174195425448184e+01 7.8461557998881375e+00 1.5000000000000000e+03 -7.1752516486364538e+06 -1.0681087577151995e+07 1.5498228742130001e+06
-1.4567539401284522e+01 4.7862701277760236e+00 1.5000000000000000e+03 -1.9991569966807798e+06 -1.2416824675676111e+07 2.1838460736813085e+05
-9.7413939743130911e+00 1.1841740977628024e+01 1.5000000000000000e+03 -9.3207277469705604e+06 -9.6750000718593579e+06 1.2545125560116896e+05
-1.5311324917457215e+01 8.2759604643322826e-01 1.5000000000000000e+03 -1.0044766511732897e+06 -1.3553362122965420e+07 1.2296554225010835e+06
-1.4977705996917248e+01 -3.2847996915987512e+00 1.5000000000000000e+03 1.9433066595422802e+06 -1.2553588890371706e+07 2.1168310236666566e+06
-6.1042197054381937e+00 1.4066274834929047e+01 1.5000000000000000e+03 -1.2208136628568092e+07 -5.1239472941135569e+06 2.0592243924282438e+06
-1.3143350990139458e+01 7.8977155364078691e+00 1.5000000000000000e+03 -5.0178930457345154e+06 -1.2336014406634580e+07 1.1536016070531856e+06
-9.8123841868838628e+00 -1.1782983599793798e+01 1.5000000000000000e+03 1.0957604321461888e+07 -7.0176443553046007e+06 -3.6819629098907718e+06
-1.4420101539459209e+01 -5.2136606655692770e+00 1.5000000000000000e+03 3.3180818583641732e+06 -1.3069098995402576e+07 1.0530827777213175e+06
-3.2099517685632084e+00 1.4993925289513617e+01 1.5000000000000000e+03 -1.1941678552305503e+07 -5.3181046176694343e+06 -7.6550704263026349e+05
5.8391700077719122e+00 1.4178352498240233e+01 1.5000000000000000e+03 -1.0185872814602479e+07 7.9549674441579962e+06 2.4316031297537824e+06
-1.4829742123059418e+01 -3.8987606373789174e+00 1.5000000000000000e+03 4.5541407796089416e+06 -1.2653109539085951e+07 -4.3325953633352771e+05
1.4615989025859278e+01 -4.6362108170335885e+00 1.5000000000000000e+03 3.7189922412047856e+06 1.2451955409312963e+07 -1.1597207297928168e+06
6.8095944342171082e+00 -1.3738668406563191e+01 1.5000000000000000e+03 1.2145533941566814e+07 5.7718297254362712e+06 6.1551815240928449e+05
1.1626059409093779e+01 9.9978161895606039e+00 1.5000000000000000e+03 -7.8055804220276568e+06 1.0140496399379935e+07 4.9947532165248558e+05
-7.4986704356083260e+00 1.3375033743589276e+01 1.5000000000000000e+03 -1.0315989480830675e+07 -6.7344985827452932e+06 2.6085893206084487e+06
-8.9519485963407632e+00 1.2449265129817533e+01 1.5000000000000000e+03 -1.0602265671322353e+07 -8.2791765107088815e+06 -9.3764017771135189e+05
-1.5003224751247632e+01 -3.1662016688089429e+00 1.5000000000000000e+03 3.5982639106652318e+06 -1.2599430521464005e+07 1.9198798673340632e+06
1.5115232622905799e+01 -2.5790170025539578e+00 1.5000000000000000e+03 4.0618737274063993e+06 1.2144518428649010e+07 2.9050261072464951e+05
4.5560104319500789e+00 -1.4641186935763786e+01 1.5000000000000000e+03 1.0451143669514656e+07 7.9876106646398595e+06 -1.0281847723382618e+06
1.2183721396188831e+01 9.3101299069383892e+00 1.5000000000000000e+03 -8.0207368939384054e+06 1.0113083130787397e+07 1.1443966642569480e+06
-1.2839577813632372e+00 1.5279824552647682e+01 1.5000000000000000e+03 -1.3626487363451976e+07 -1.7295313195158630e+06 5.6404136741187051e+05
-9.1124876697650627e+00 -1.2332240445774556e+01 1.5000000000000000e+03 1.0271386969875310e+07 -8.6797023757615387e+06 -4.6329315225265455e+05
-3.6167285519304961e+00 -1.4901035552124183e+01 1.5000000000000000e+03 1.2836346431529442e+07 -1.3439267425531140e+06 -1.3316893848097927e+06
-1.5318645354534789e+01 6.7874181100608899e-01 1.5000000000000000e+03 -9.4688926422264811e+05 -1.3006375896256618e+07 -1.3382829452165063e+06
8.2557613246535180e+00 -1.2921454674082687e+01 1.5000000000000000e+03 1.1159103932183156e+07 6.2198151729587093e+06 7.2583859731100698e+05
1.4748045578848048e+01 4.1972297468971966e+00 1.5000000000000000e+03 -4.8308289587978972e+06 1.2336895284912728e+07 1.3634146982805529e+06
-1.2485680012056259e+01 8.9010887300687553e+00 1.5000000000000000e+03 -6.5879907757836059e+06 -1.0510324768263513e+07 -1.5735949988442273e+06
-9.5171519071302573e+00 1.2022703752510290e+01 1.5000000000000000e+03 -7.9975732780689904e+06 -9.3404856544537917e+06 1.6213172640624605e+06
-1.1113602885976562e+01 -1.0564535807920363e+01 1.5000000000000000e+03 9.6560997016346715e+06 -8.9209763879755139e+06 -9.2286281947033887e+05
