1.602176634000e-18 9.502158478550e-40
1.677684892481e-18 9.723492182641e-40
1.756751745551e-18 9.949981410993e-40
1.839544904605e-18 1.018174625119e-39
1.926239985033e-18 1.041890958803e-39
2.017020878725e-18 1.066159716863e-39
2.112080144128e-18 1.090993766918e-39
2.211619414688e-18 1.116406276310e-39
2.315849826543e-18 1.142410719086e-39
2.424992466372e-18 1.169020883147e-39
2.539278840347e-18 1.196250877554e-39
2.658951365189e-18 1.224115140011e-39
2.784263882368e-18 1.252628444518e-39
2.915482196535e-18 1.281805909207e-39
3.052884639326e-18 1.311663004355e-39
3.196762659744e-18 1.342215560591e-39
3.204353268000e-18 1.343808139218e-39
3.347421442361e-18 1.373479777283e-39
3.505180554654e-18 1.405472231133e-39
3.670374624851e-18 1.438209884963e-39
3.843354051723e-18 1.471710096712e-39
4.024485747826e-18 1.505990628634e-39
4.214153917773e-18 1.541069656722e-39
4.412760873181e-18 1.576965780340e-39
4.620727886029e-18 1.613698032088e-39
4.838496082236e-18 1.651285887893e-39
5.066527377342e-18 1.689749277333e-39
5.305305456296e-18 1.729108594207e-39
5.555336799418e-18 1.769384707344e-39
5.817151756708e-18 1.810598971674e-39
6.091305672794e-18 1.852773239545e-39
6.378380064887e-18 1.895929872311e-39
6.678983856262e-18 1.940091752192e-39
6.993754667863e-18 1.985282294400e-39
7.323360170783e-18 2.031525459558e-39
7.668499502486e-18 2.078845766406e-39
8.010883170000e-18 2.124747229101e-39
8.029904749767e-18 2.127268304796e-39
8.408342501611e-18 2.176818748998e-39
8.804615475226e-18 2.227523371315e-39
9.219564218720e-18 2.279409056009e-39
9.654068894010e-18 2.332503313555e-39
1.010905114377e-17 2.386834295232e-39
1.058547604635e-17 2.442430808047e-39
1.108435416284e-17 2.499322330005e-39
1.160674368062e-17 2.557539025745e-39
1.215375265788e-17 2.617111762529e-39
1.272654137402e-17 2.678072126611e-39
1.332632479068e-17 2.740452439984e-39
1.395437512892e-17 2.804285777514e-39
1.461202456771e-17 2.869605984483e-39
1.530066806967e-17 2.936447694528e-39
1.602176634000e-17 3.004846348010e-39
1.677684892481e-17 3.074838210799e-39
1.756751745551e-17 3.146460393508e-39
1.839544904605e-17 3.219750871165e-39
1.926239985033e-17 3.294748503353e-39
2.017020878725e-17 3.371493054809e-39
2.112080144128e-17 3.450025216509e-39
2.211619414688e-17 3.530386627246e-39
2.315849826543e-17 3.612619895702e-39
2.424992466372e-17 3.696768623046e-39
2.539278840347e-17 3.782877426046e-39
2.658951365189e-17 3.870991960730e-39
2.784263882368e-17 3.961158946590e-39
2.915482196535e-17 4.053426191356e-39
3.052884639326e-17 4.147842616342e-39
3.196762659744e-17 4.244458282386e-39
3.204353268000e-17 4.249494458203e-39
3.347421442361e-17 4.343324416394e-39
3.505180554654e-17 4.444493438498e-39
3.670374624851e-17 4.548018989853e-39
3.843354051723e-17 4.653955961076e-39
4.024485747826e-17 4.762360521352e-39
4.214153917773e-17 4.873290148214e-39
4.412760873181e-17 4.986803658019e-39
4.620727886029e-17 5.102961237130e-39
4.838496082236e-17 5.221824473836e-39
5.066527377342e-17 5.343456390996e-39
5.305305456296e-17 5.467921479464e-39
5.555336799418e-17 5.595285732277e-39
5.817151756708e-17 5.725616679648e-39
6.091305672794e-17 5.858983424770e-39
6.378380064887e-17 5.995456680456e-39
6.678983856262e-17 6.135108806633e-39
6.993754667863e-17 6.278013848708e-39
7.323360170783e-17 6.424247576824e-39
7.668499502486e-17 6.573887526041e-39
8.010883170000e-17 6.719040696092e-39
8.029904749767e-17 6.727013037439e-39
8.408342501611e-17 6.883705300193e-39
8.804615475226e-17 7.044047394613e-39
9.219564218720e-17 7.383179296271e-39
9.654068894010e-17 7.326418813819e-39
1.010905114377e-16 7.215334450296e-39
1.058547604635e-16 7.194878757728e-39
1.108435416284e-16 7.253152626591e-39
1.160674368062e-16 7.379489747167e-39
1.215375265788e-16 8.398385988212e-39
1.272654137402e-16 9.470365197788e-39
1.332632479068e-16 1.054700764183e-38
1.395437512892e-16 1.162320434927e-38
1.461202456771e-16 1.217836873710e-38
1.530066806967e-16 1.280903982919e-38
1.602176634000e-16 1.350812385655e-38
1.677684892481e-16 1.484074492539e-38
1.756751745551e-16 1.650512861205e-38
1.839544904605e-16 1.817273348147e-38
1.926239985033e-16 1.993327987932e-38
2.017020878725e-16 2.172126683782e-38
2.112080144128e-16 2.362425630347e-38
2.211619414688e-16 2.606983774078e-38
2.315849826543e-16 2.845673674180e-38
2.424992466372e-16 3.035901789033e-38
2.539278840347e-16 3.223637888058e-38
2.658951365189e-16 3.413400520642e-38
2.784263882368e-16 3.605041664985e-38
2.915482196535e-16 3.889145085312e-38
3.052884639326e-16 4.170804727760e-38
3.196762659744e-16 4.445276940710e-38
3.204353268000e-16 4.459232561137e-38
3.347421442361e-16 4.704961444391e-38
3.505180554654e-16 4.955874962582e-38
3.670374624851e-16 5.205973834322e-38
3.843354051723e-16 5.524800142040e-38
4.024485747826e-16 5.863246354960e-38
4.214153917773e-16 6.169772308015e-38
4.412760873181e-16 6.353435936460e-38
4.620727886029e-16 6.539267066856e-38
4.838496082236e-16 6.802086752429e-38
5.066527377342e-16 7.077344098333e-38
5.305305456296e-16 7.346091378529e-38
5.555336799418e-16 7.608232559907e-38
5.817151756708e-16 7.905541518949e-38
6.091305672794e-16 8.202118037087e-38
6.378380064887e-16 8.491953951366e-38
6.678983856262e-16 8.791127289334e-38
6.993754667863e-16 9.100625796918e-38
7.323360170783e-16 9.405865246621e-38
7.668499502486e-16 9.714693157773e-38
8.010883170000e-16 1.000765653415e-37
8.029904749767e-16 1.002341245152e-37
8.408342501611e-16 1.032640609245e-37
8.804615475226e-16 1.063041436161e-37
9.219564218720e-16 1.093250512365e-37
9.654068894010e-16 1.117362713953e-37
1.010905114377e-15 1.140126679028e-37
1.058547604635e-15 1.162870611453e-37
1.108435416284e-15 1.185542295604e-37
1.160674368062e-15 1.208117395370e-37
1.215375265788e-15 1.229152135385e-37
1.272654137402e-15 1.250083102900e-37
1.332632479068e-15 1.270928225335e-37
1.395437512892e-15 1.291783238546e-37
1.461202456771e-15 1.315094340263e-37
1.530066806967e-15 1.337912739502e-37
1.602176634000e-15 1.360470603053e-37
1.677684892481e-15 1.380216417523e-37
1.756751745551e-15 1.398221534247e-37
1.839544904605e-15 1.415616059911e-37
1.926239985033e-15 1.429560240373e-37
2.017020878725e-15 1.442807178720e-37
2.112080144128e-15 1.455491417673e-37
2.211619414688e-15 1.464985875558e-37
2.315849826543e-15 1.474693018210e-37
2.424992466372e-15 1.482158473971e-37
2.539278840347e-15 1.489496331688e-37
2.658951365189e-15 1.496966208198e-37
2.784263882368e-15 1.504607035806e-37
2.915482196535e-15 1.505574052992e-37
3.052884639326e-15 1.506472450410e-37
3.196762659744e-15 1.507831286467e-37
3.204353268000e-15 1.507916740275e-37
3.347421442361e-15 1.509326068399e-37
3.505180554654e-15 1.510686013909e-37
3.670374624851e-15 1.512124879604e-37
3.843354051723e-15 1.509740501029e-37
4.024485747826e-15 1.505736769406e-37
4.214153917773e-15 1.501737015856e-37
4.412760873181e-15 1.496382521935e-37
4.620727886029e-15 1.491324027145e-37
4.838496082236e-15 1.482866490666e-37
5.066527377342e-15 1.473929069750e-37
5.305305456296e-15 1.465365903205e-37
5.555336799418e-15 1.457124948348e-37
5.817151756708e-15 1.442751242158e-37
6.091305672794e-15 1.428105825778e-37
6.378380064887e-15 1.414056201110e-37
6.678983856262e-15 1.397518562950e-37
6.993754667863e-15 1.378876112891e-37
7.323360170783e-15 1.362885894624e-37
7.668499502486e-15 1.344567215080e-37
8.010883170000e-15 1.326152557184e-37
8.029904749767e-15 1.325167813243e-37
8.408342501611e-15 1.306164431578e-37
8.804615475226e-15 1.284430824030e-37
9.219564218720e-15 1.263314860208e-37
9.654068894010e-15 1.240583316625e-37
1.010905114377e-14 1.217664757695e-37
1.058547604635e-14 1.195513363781e-37
1.108435416284e-14 1.174127826367e-37
1.160674368062e-14 1.153493837266e-37
1.215375265788e-14 1.128742543737e-37
1.272654137402e-14 1.104527141657e-37
1.332632479068e-14 1.081269520935e-37
1.395437512892e-14 1.058751693635e-37
1.461202456771e-14 1.033947396716e-37
1.530066806967e-14 1.010017523920e-37
1.602176634000e-14 9.868123657379e-38
1.677684892481e-14 9.630127314234e-38
1.756751745551e-14 9.393294409269e-38
1.839544904605e-14 9.163505062011e-38
1.926239985033e-14 8.931625406768e-38
2.017020878725e-14 8.701637034511e-38
2.112080144128e-14 8.478319009434e-38
2.211619414688e-14 8.253839424047e-38
2.315849826543e-14 8.038597612329e-38
2.424992466372e-14 7.816221680378e-38
2.539278840347e-14 7.599934870335e-38
2.658951365189e-14 7.392510426857e-38
2.784263882368e-14 7.191787194283e-38
2.915482196535e-14 6.985362180476e-38
3.052884639326e-14 6.786950300174e-38
3.196762659744e-14 6.595008253089e-38
3.204353268000e-14 6.585246116625e-38
3.347421442361e-14 6.405233916864e-38
3.505180554654e-14 6.220538057685e-38
3.670374624851e-14 6.040384489601e-38
3.843354051723e-14 5.864033923657e-38
4.024485747826e-14 5.691510762373e-38
4.214153917773e-14 5.521616761250e-38
4.412760873181e-14 5.356739575123e-38
4.620727886029e-14 5.196320882282e-38
4.838496082236e-14 5.035315779590e-38
5.066527377342e-14 4.877882236222e-38
5.305305456296e-14 4.725237826108e-38
5.555336799418e-14 4.576804077085e-38
5.817151756708e-14 4.432360049798e-38
6.091305672794e-14 4.291553504695e-38
6.378380064887e-14 4.154780406679e-38
6.678983856262e-14 4.022044762783e-38
6.993754667863e-14 3.893115433574e-38
7.323360170783e-14 3.767881790620e-38
7.668499502486e-14 3.646212406322e-38
8.010883170000e-14 3.526745195734e-38
8.029904749767e-14 3.520196676010e-38
8.408342501611e-14 3.395114532640e-38
8.804615475226e-14 3.273980645697e-38
9.219564218720e-14 3.156667937667e-38
9.654068894010e-14 3.043163994278e-38
1.010905114377e-13 2.933213933070e-38
1.058547604635e-13 2.826731139050e-38
1.108435416284e-13 2.729133114348e-38
1.160674368062e-13 2.643522483995e-38
1.215375265788e-13 2.559680705659e-38
1.272654137402e-13 2.477689534201e-38
1.332632479068e-13 2.397164883848e-38
1.395437512892e-13 2.318481514490e-38
1.461202456771e-13 2.241813928272e-38
1.530066806967e-13 2.167180023978e-38
1.602176634000e-13 2.094587125349e-38
