1.000000000000e+01 3.867814660663e+05
1.047128548051e+01 3.867814673602e+05
1.096478196143e+01 3.867814687151e+05
1.148153621497e+01 3.867814701339e+05
1.202264434617e+01 3.867814716195e+05
1.258925411794e+01 3.867814731751e+05
1.318256738556e+01 3.867814748041e+05
1.380384264603e+01 3.867814765098e+05
1.445439770746e+01 3.867814782959e+05
1.513561248436e+01 3.867814801662e+05
1.584893192461e+01 3.867814821246e+05
1.659586907438e+01 3.867814841753e+05
1.737800828749e+01 3.867814863227e+05
1.819700858610e+01 3.867814885713e+05
1.905460717963e+01 3.867814909258e+05
1.995262314969e+01 3.867814933913e+05
2.000000000000e+01 3.867814935214e+05
2.089296130854e+01 3.867814959730e+05
2.187761623950e+01 3.867814986764e+05
2.290867652768e+01 3.867815015072e+05
2.398832919019e+01 3.867815044714e+05
2.511886431510e+01 3.867815075753e+05
2.630267991895e+01 3.867815108255e+05
2.754228703338e+01 3.867815142288e+05
2.884031503127e+01 3.867815177926e+05
3.019951720402e+01 3.867815215243e+05
3.162277660168e+01 3.867815254318e+05
3.311311214826e+01 3.867815295236e+05
3.467368504525e+01 3.867815338081e+05
3.630780547701e+01 3.867815382946e+05
3.801893963206e+01 3.867815429926e+05
3.981071705535e+01 3.867815479119e+05
4.168693834703e+01 3.867815530631e+05
4.365158322402e+01 3.867815584570e+05
4.570881896149e+01 3.867815641052e+05
4.786300923226e+01 3.867815700196e+05
5.000000000000e+01 3.867815758867e+05
5.011872336273e+01 3.867815762126e+05
5.248074602498e+01 3.867815826976e+05
5.495408738576e+01 3.867815894882e+05
5.754399373372e+01 3.867815965988e+05
6.025595860744e+01 3.867816040445e+05
6.309573444802e+01 3.867816118411e+05
6.606934480076e+01 3.867816200052e+05
6.918309709189e+01 3.867816285540e+05
7.244359600750e+01 3.867816375058e+05
7.585775750292e+01 3.867816468794e+05
7.943282347243e+01 3.867816566948e+05
8.317637711027e+01 3.867816669727e+05
8.709635899561e+01 3.867816777351e+05
9.120108393559e+01 3.867816890046e+05
9.549925860214e+01 3.867817008053e+05
1.000000000000e+02 3.867817131621e+05
1.047128548051e+02 3.867817261013e+05
1.096478196143e+02 3.867817396503e+05
1.148153621497e+02 3.867817538378e+05
1.202264434617e+02 3.867817686940e+05
1.258925411794e+02 3.867817842503e+05
1.318256738556e+02 3.867818005398e+05
1.380384264603e+02 3.867818175969e+05
1.445439770746e+02 3.867818354580e+05
1.513561248436e+02 3.867818541608e+05
1.584893192461e+02 3.867818737450e+05
1.659586907438e+02 3.867818942522e+05
1.737800828749e+02 3.867819157259e+05
1.819700858610e+02 3.867819382117e+05
1.905460717963e+02 3.867819617571e+05
1.995262314969e+02 3.867819864122e+05
2.000000000000e+02 3.867819877129e+05
2.089296130854e+02 3.867820122292e+05
2.187761623950e+02 3.867820392630e+05
2.290867652768e+02 3.867820675709e+05
2.398832919019e+02 3.867820972128e+05
2.511886431510e+02 3.867821282517e+05
2.630267991895e+02 3.867821607535e+05
2.754228703338e+02 3.867821947869e+05
2.884031503127e+02 3.867822304244e+05
3.019951720402e+02 3.867822677414e+05
3.162277660168e+02 3.867823068171e+05
3.311311214826e+02 3.867823477343e+05
3.467368504525e+02 3.867823905799e+05
3.630780547701e+02 3.867824354448e+05
3.801893963206e+02 3.867824824241e+05
3.981071705535e+02 3.867825316174e+05
4.168693834703e+02 3.867825831292e+05
4.365158322402e+02 3.867826370686e+05
4.570881896149e+02 3.867826935501e+05
4.786300923226e+02 3.867827526935e+05
5.000000000000e+02 3.867828113647e+05
5.011872336273e+02 3.867828146242e+05
5.248074602498e+02 3.867828794737e+05
5.495408738576e+02 3.867829473794e+05
5.754399373372e+02 3.961763478313e+05
6.025595860744e+02 3.841819477272e+05
6.309573444802e+02 3.697445376398e+05
6.606934480076e+02 3.603038242583e+05
6.918309709189e+02 3.549541875492e+05
7.244359600750e+02 3.529164662377e+05
7.585775750292e+02 3.925016839958e+05
7.943282347243e+02 4.325263102489e+05
8.317637711027e+02 4.707335798039e+05
8.709635899561e+02 5.069579211783e+05
9.120108393559e+02 5.190811833624e+05
9.549925860214e+02 5.335349516114e+05
1.000000000000e+03 5.498465087254e+05
1.047128548051e+03 5.903400990176e+05
1.096478196143e+03 6.416019098054e+05
1.148153621497e+03 6.903465389166e+05
1.202264434617e+03 7.399899575872e+05
1.258925411794e+03 7.880111938322e+05
1.318256738556e+03 8.375400134245e+05
1.380384264603e+03 9.032041793776e+05
1.445439770746e+03 9.634582659844e+05
1.513561248436e+03 1.004467151970e+06
1.584893192461e+03 1.042304210930e+06
1.659586907438e+03 1.078538671392e+06
1.737800828749e+03 1.113163610223e+06
1.819700858610e+03 1.173554085204e+06
1.905460717963e+03 1.229897974352e+06
1.995262314969e+03 1.280997636908e+06
2.000000000000e+03 1.283496371541e+06
2.089296130854e+03 1.324969449553e+06
2.187761623950e+03 1.363862033401e+06
2.290867652768e+03 1.400078537497e+06
2.398832919019e+03 1.452002359716e+06
2.511886431510e+03 1.505876100505e+06
2.630267991895e+03 1.548533483294e+06
2.754228703338e+03 1.558333836518e+06
2.884031503127e+03 1.567405333464e+06
3.019951720402e+03 1.593290003144e+06
3.162277660168e+03 1.620031334939e+06
3.311311214826e+03 1.643273641516e+06
3.467368504525e+03 1.663174520580e+06
3.630780547701e+03 1.688830919560e+06
3.801893963206e+03 1.712304863066e+06
3.981071705535e+03 1.732460166818e+06
4.168693834703e+03 1.752672507076e+06
4.365158322402e+03 1.773078928978e+06
4.570881896149e+03 1.790837575409e+06
4.786300923226e+03 1.807537006319e+06
5.000000000000e+03 1.821822905624e+06
5.011872336273e+03 1.822528827834e+06
5.248074602498e+03 1.834884504685e+06
5.495408738576e+03 1.845909856439e+06
5.754399373372e+03 1.855157487533e+06
6.025595860744e+03 1.852917593402e+06
6.309573444802e+03 1.847633864475e+06
6.606934480076e+03 1.841599197151e+06
6.918309709189e+03 1.834770438952e+06
7.244359600750e+03 1.827152617993e+06
7.585775750292e+03 1.816654668523e+06
7.943282347243e+03 1.805538386931e+06
8.317637711027e+03 1.793866088795e+06
8.709635899561e+03 1.781803668080e+06
9.120108393559e+03 1.772671969938e+06
9.549925860214e+03 1.762384168164e+06
1.000000000000e+04 1.751311272542e+06
1.047128548051e+04 1.736292233956e+06
1.096478196143e+04 1.718910012854e+06
1.148153621497e+04 1.700686360746e+06
1.202264434617e+04 1.678351327893e+06
1.258925411794e+04 1.655352376480e+06
1.318256738556e+04 1.631900366283e+06
1.380384264603e+04 1.605163750333e+06
1.445439770746e+04 1.579026924025e+06
1.513561248436e+04 1.550903057474e+06
1.584893192461e+04 1.523111325329e+06
1.659586907438e+04 1.495913593073e+06
1.737800828749e+04 1.469332249183e+06
1.819700858610e+04 1.436817365194e+06
1.905460717963e+04 1.404957813145e+06
1.995262314969e+04 1.374224250270e+06
2.000000000000e+04 1.372673875872e+06
2.089296130854e+04 1.344283378877e+06
2.187761623950e+04 1.314876607627e+06
2.290867652768e+04 1.286179630951e+06
2.398832919019e+04 1.254930289188e+06
2.511886431510e+04 1.223122163566e+06
2.630267991895e+04 1.192115443459e+06
2.754228703338e+04 1.160836020381e+06
2.884031503127e+04 1.130587719954e+06
3.019951720402e+04 1.098597203122e+06
3.162277660168e+04 1.067130193959e+06
3.311311214826e+04 1.036791668372e+06
3.467368504525e+04 1.007504558446e+06
3.630780547701e+04 9.748700276819e+05
3.801893963206e+04 9.430200466362e+05
3.981071705535e+04 9.124996912059e+05
4.168693834703e+04 8.813114694504e+05
4.365158322402e+04 8.497734121268e+05
4.570881896149e+04 8.208120550694e+05
4.786300923226e+04 7.913587057731e+05
5.000000000000e+04 7.636703621570e+05
5.011872336273e+04 7.621995636621e+05
5.248074602498e+04 7.341806729394e+05
5.495408738576e+04 7.055429132130e+05
5.754399373372e+04 6.781602004619e+05
6.025595860744e+04 6.508111505311e+05
6.309573444802e+04 6.242600370595e+05
6.606934480076e+04 5.989649272405e+05
6.918309709189e+04 5.748730245698e+05
7.244359600750e+04 5.519272941795e+05
7.585775750292e+04 5.278031817050e+05
7.943282347243e+04 5.047362693807e+05
8.317637711027e+04 4.828737673051e+05
8.709635899561e+04 4.620679462099e+05
9.120108393559e+04 4.409839771277e+05
9.549925860214e+04 4.209848929240e+05
1.000000000000e+05 4.019629689464e+05
1.047128548051e+05 3.833522382648e+05
1.096478196143e+05 3.654257141728e+05
1.148153621497e+05 3.483844038857e+05
1.202264434617e+05 3.318518480857e+05
1.258925411794e+05 3.159600309107e+05
1.318256738556e+05 3.008563634720e+05
1.380384264603e+05 2.862362198693e+05
1.445439770746e+05 2.724387543439e+05
1.513561248436e+05 2.588847273311e+05
1.584893192461e+05 2.460035561553e+05
1.659586907438e+05 2.338548846340e+05
1.737800828749e+05 2.223388701654e+05
1.819700858610e+05 2.110535654311e+05
1.905460717963e+05 2.004032762569e+05
1.995262314969e+05 1.903150423672e+05
2.000000000000e+05 1.898087560635e+05
2.089296130854e+05 1.806432301866e+05
2.187761623950e+05 1.714529375915e+05
2.290867652768e+05 1.627096345325e+05
2.398832919019e+05 1.543754928841e+05
2.511886431510e+05 1.464347675528e+05
2.630267991895e+05 1.388414984131e+05
2.754228703338e+05 1.316411494750e+05
2.884031503127e+05 1.248035633969e+05
3.019951720402e+05 1.181951076166e+05
3.162277660168e+05 1.119045709733e+05
3.311311214826e+05 1.059463421920e+05
3.467368504525e+05 1.002934443669e+05
3.630780547701e+05 9.492824157309e+04
3.801893963206e+05 8.983125571949e+04
3.981071705535e+05 8.499943013266e+04
4.168693834703e+05 8.042154632670e+04
4.365158322402e+05 7.608220348931e+04
4.570881896149e+05 7.196911774581e+04
4.786300923226e+05 6.807018663138e+04
5.000000000000e+05 6.442724824148e+04
5.011872336273e+05 6.423194450248e+04
5.248074602498e+05 6.054955786222e+04
5.495408738576e+05 5.707007615702e+04
5.754399373372e+05 5.378245114532e+04
6.025595860744e+05 5.067807528431e+04
6.309573444802e+05 4.774473048656e+04
6.606934480076e+05 4.497355622399e+04
6.918309709189e+05 4.244169540362e+04
7.244359600750e+05 4.018377627444e+04
7.585775750292e+05 3.803276754380e+04
7.943282347243e+05 3.598556238335e+04
8.317637711027e+05 3.403248742036e+04
8.709635899561e+05 3.217504337449e+04
9.120108393559e+05 3.041167715841e+04
9.549925860214e+05 2.873868865162e+04
1.000000000000e+06 2.715236437073e+04
