1.000000000000e+01 5.930780837083e-21
1.047128548051e+01 6.068926469340e-21
1.096478196143e+01 6.210289926743e-21
1.148153621497e+01 6.354946162068e-21
1.202264434617e+01 6.502971873966e-21
1.258925411794e+01 6.654445547628e-21
1.318256738556e+01 6.809447496401e-21
1.380384264603e+01 6.968059904371e-21
1.445439770746e+01 7.130366869936e-21
1.513561248436e+01 7.296454450396e-21
1.584893192461e+01 7.466410707586e-21
1.659586907438e+01 7.640325754563e-21
1.737800828749e+01 7.818291803386e-21
1.819700858610e+01 8.000403214011e-21
1.905460717963e+01 8.186756544318e-21
1.995262314969e+01 8.377450601309e-21
2.000000000000e+01 8.387390695266e-21
2.089296130854e+01 8.572586493498e-21
2.187761623950e+01 8.772267684517e-21
2.290867652768e+01 8.976600047977e-21
2.398832919019e+01 9.185691923602e-21
2.511886431510e+01 9.399654174672e-21
2.630267991895e+01 9.618600246805e-21
2.754228703338e+01 9.842646228105e-21
2.884031503127e+01 1.007191091072e-20
3.019951720402e+01 1.030651585381e-20
3.162277660168e+01 1.054658544804e-20
3.311311214826e+01 1.079224698147e-20
3.467368504525e+01 1.104363070710e-20
3.630780547701e+01 1.130086991191e-20
3.801893963206e+01 1.156410098754e-20
3.981071705535e+01 1.183346350257e-20
4.168693834703e+01 1.210910027659e-20
4.365158322402e+01 1.239115745586e-20
4.570881896149e+01 1.267978459083e-20
4.786300923226e+01 1.297513471543e-20
5.000000000000e+01 1.326162911137e-20
5.011872336273e+01 1.327736442819e-20
5.248074602498e+01 1.358663397533e-20
5.495408738576e+01 1.390310733564e-20
5.754399373372e+01 1.422695230749e-20
6.025595860744e+01 1.455834059776e-20
6.309573444802e+01 1.489744791293e-20
6.606934480076e+01 1.524445405217e-20
6.918309709189e+01 1.559954300273e-20
7.244359600750e+01 1.596290303747e-20
7.585775750292e+01 1.633472681470e-20
7.943282347243e+01 1.671521148031e-20
8.317637711027e+01 1.710455877229e-20
8.709635899561e+01 1.750297512774e-20
9.120108393559e+01 1.791067179228e-20
9.549925860214e+01 1.832786493208e-20
1.000000000000e+02 1.875477574846e-20
1.047128548051e+02 1.919163059520e-20
1.096478196143e+02 1.963866109851e-20
1.148153621497e+02 2.009610427988e-20
1.202264434617e+02 2.056420268174e-20
1.258925411794e+02 2.104320449607e-20
1.318256738556e+02 2.153336369596e-20
1.380384264603e+02 2.203494017031e-20
1.445439770746e+02 2.254819986160e-20
1.513561248436e+02 2.307341490692e-20
1.584893192461e+02 2.361086378224e-20
1.659586907438e+02 2.416083145006e-20
1.737800828749e+02 2.472360951053e-20
1.819700858610e+02 2.529949635601e-20
1.905460717963e+02 2.588879732933e-20
1.995262314969e+02 2.649182488568e-20
2.000000000000e+02 2.652325822274e-20
2.089296130854e+02 2.710889875825e-20
2.187761623950e+02 2.774034612777e-20
2.290867652768e+02 2.838650179599e-20
2.398832919019e+02 2.904770836320e-20
2.511886431510e+02 2.972431640987e-20
2.630267991895e+02 3.041668468256e-20
2.754228703338e+02 3.112518028408e-20
2.884031503127e+02 3.185017886817e-20
3.019951720402e+02 3.259206483869e-20
3.162277660168e+02 3.335123155339e-20
3.311311214826e+02 3.412808153252e-20
3.467368504525e+02 3.492302667221e-20
3.630780547701e+02 3.573648846291e-20
3.801893963206e+02 3.656889821281e-20
3.981071705535e+02 3.742069727660e-20
4.168693834703e+02 3.829233728941e-20
4.365158322402e+02 3.918428040630e-20
4.570881896149e+02 4.009699954733e-20
4.786300923226e+02 4.103097864827e-20
5.000000000000e+02 4.193695347633e-20
5.011872336273e+02 4.198671291719e-20
5.248074602498e+02 4.296470909707e-20
5.495408738576e+02 4.396548573441e-20
5.754399373372e+02 4.608218057605e-20
6.025595860744e+02 4.572790950975e-20
6.309573444802e+02 4.503457544679e-20
6.606934480076e+02 4.490690105601e-20
6.918309709189e+02 4.527061793732e-20
7.244359600750e+02 4.605915222183e-20
7.585775750292e+02 5.241860235625e-20
7.943282347243e+02 5.910937032045e-20
8.317637711027e+02 6.582924390487e-20
8.709635899561e+02 7.254633542026e-20
9.120108393559e+02 7.601139898474e-20
9.549925860214e+02 7.994773832900e-20
1.000000000000e+03 8.431107762959e-20
1.047128548051e+03 9.262864412359e-20
1.096478196143e+03 1.030169100072e-19
1.148153621497e+03 1.134252809324e-19
1.202264434617e+03 1.244137472506e-19
1.258925411794e+03 1.355734840770e-19
1.318256738556e+03 1.474510100955e-19
1.380384264603e+03 1.627151288288e-19
1.445439770746e+03 1.776129806035e-19
1.513561248436e+03 1.894860856542e-19
1.584893192461e+03 2.012036513109e-19
1.659586907438e+03 2.130477032435e-19
1.737800828749e+03 2.250090026581e-19
1.819700858610e+03 2.427413434187e-19
1.905460717963e+03 2.603211555612e-19
1.995262314969e+03 2.774523636393e-19
2.000000000000e+03 2.783234049547e-19
2.089296130854e+03 2.936605955015e-19
2.187761623950e+03 3.093213855085e-19
2.290867652768e+03 3.249313292832e-19
2.398832919019e+03 3.448309022112e-19
2.511886431510e+03 3.659550533028e-19
2.630267991895e+03 3.850868984783e-19
2.754228703338e+03 3.965502805142e-19
2.884031503127e+03 4.081489473810e-19
3.019951720402e+03 4.245528619055e-19
3.162277660168e+03 4.417330741283e-19
3.311311214826e+03 4.585069600091e-19
3.467368504525e+03 4.748685256327e-19
3.630780547701e+03 4.934250912905e-19
3.801893963206e+03 5.119359415828e-19
3.981071705535e+03 5.300260764735e-19
4.168693834703e+03 5.486990075112e-19
4.365158322402e+03 5.680163849474e-19
4.570881896149e+03 5.870679328994e-19
4.786300923226e+03 6.063434549984e-19
5.000000000000e+03 6.246287907197e-19
5.011872336273e+03 6.256121977322e-19
5.248074602498e+03 6.445235733262e-19
5.495408738576e+03 6.634982770328e-19
5.754399373372e+03 6.823532993587e-19
6.025595860744e+03 6.974029518599e-19
6.309573444802e+03 7.116111013186e-19
6.606934480076e+03 7.258067473807e-19
6.918309709189e+03 7.399572996169e-19
7.244359600750e+03 7.540475686217e-19
7.585775750292e+03 7.671764206900e-19
7.943282347243e+03 7.802405030583e-19
8.317637711027e+03 7.932510051418e-19
8.709635899561e+03 8.062676805621e-19
9.120108393559e+03 8.208173258523e-19
9.549925860214e+03 8.350594504440e-19
1.000000000000e+04 8.491389614494e-19
1.047128548051e+04 8.614633294692e-19
1.096478196143e+04 8.727012394107e-19
1.148153621497e+04 8.835580483886e-19
1.202264434617e+04 8.922613212777e-19
1.258925411794e+04 9.005294098680e-19
1.318256738556e+04 9.084462891206e-19
1.380384264603e+04 9.143722636255e-19
1.445439770746e+04 9.204309855202e-19
1.513561248436e+04 9.250905565081e-19
1.584893192461e+04 9.296704870608e-19
1.659586907438e+04 9.343328172626e-19
1.737800828749e+04 9.391018467478e-19
1.819700858610e+04 9.397054114020e-19
1.905460717963e+04 9.402661469661e-19
1.995262314969e+04 9.411142657242e-19
2.000000000000e+04 9.411676017960e-19
2.089296130854e+04 9.420472352232e-19
2.187761623950e+04 9.428960464477e-19
2.290867652768e+04 9.437941157769e-19
2.398832919019e+04 9.423059037253e-19
2.511886431510e+04 9.398069709999e-19
2.630267991895e+04 9.373105211919e-19
2.754228703338e+04 9.339685089522e-19
2.884031503127e+04 9.308112448387e-19
3.019951720402e+04 9.255324657709e-19
3.162277660168e+04 9.199541663955e-19
3.311311214826e+04 9.146094582262e-19
3.467368504525e+04 9.094658587738e-19
3.630780547701e+04 9.004944970120e-19
3.801893963206e+04 8.913535470883e-19
3.981071705535e+04 8.825844611023e-19
4.168693834703e+04 8.722624792377e-19
4.365158322402e+04 8.606267771166e-19
4.570881896149e+04 8.506464678751e-19
4.786300923226e+04 8.392128474146e-19
5.000000000000e+04 8.277193219785e-19
5.011872336273e+04 8.271046931541e-19
5.248074602498e+04 8.152437152435e-19
5.495408738576e+04 8.016786643699e-19
5.754399373372e+04 7.884991163891e-19
6.025595860744e+04 7.743112028341e-19
6.309573444802e+04 7.600065634802e-19
6.606934480076e+04 7.461807508680e-19
6.918309709189e+04 7.328329482846e-19
7.244359600750e+04 7.199542252628e-19
7.585775750292e+04 7.045056829467e-19
7.943282347243e+04 6.893916177643e-19
8.317637711027e+04 6.748753526857e-19
8.709635899561e+04 6.608208303424e-19
9.120108393559e+04 6.453392059117e-19
9.549925860214e+04 6.304033540914e-19
1.000000000000e+05 6.159198335543e-19
1.047128548051e+05 6.010652702000e-19
1.096478196143e+05 5.862833229453e-19
1.148153621497e+05 5.719409999841e-19
1.202264434617e+05 5.574682102603e-19
1.258925411794e+05 5.431134651356e-19
1.318256738556e+05 5.291750503355e-19
1.380384264603e+05 5.151641366433e-19
1.445439770746e+05 5.017297994329e-19
1.513561248436e+05 4.878501854608e-19
1.584893192461e+05 4.743506245851e-19
1.659586907438e+05 4.614042091227e-19
1.737800828749e+05 4.488760503471e-19
1.819700858610e+05 4.359920143783e-19
1.905460717963e+05 4.236081188645e-19
1.995262314969e+05 4.116280385780e-19
2.000000000000e+05 4.110187339447e-19
2.089296130854e+05 3.997832561615e-19
2.187761623950e+05 3.882554473507e-19
2.290867652768e+05 3.770111460508e-19
2.398832919019e+05 3.660042094745e-19
2.511886431510e+05 3.552361607075e-19
2.630267991895e+05 3.446322112104e-19
2.754228703338e+05 3.343413866765e-19
2.884031503127e+05 3.243288394057e-19
3.019951720402e+05 3.142796913109e-19
3.162277660168e+05 3.044534624153e-19
3.311311214826e+05 2.949261477064e-19
3.467368504525e+05 2.856616417915e-19
3.630780547701e+05 2.766461547209e-19
3.801893963206e+05 2.678577014309e-19
3.981071705535e+05 2.593209961068e-19
4.168693834703e+05 2.510362888480e-19
4.365158322402e+05 2.429891530657e-19
4.570881896149e+05 2.351726838765e-19
4.786300923226e+05 2.275786782147e-19
5.000000000000e+05 2.201221214248e-19
5.011872336273e+05 2.197133949720e-19
5.248074602498e+05 2.119063816431e-19
5.495408738576e+05 2.043457990973e-19
5.754399373372e+05 1.970237157801e-19
6.025595860744e+05 1.899393568536e-19
6.309573444802e+05 1.830768138059e-19
6.606934480076e+05 1.764306805544e-19
6.918309709189e+05 1.703390909862e-19
7.244359600750e+05 1.649956957239e-19
7.585775750292e+05 1.597627035209e-19
7.943282347243e+05 1.546452171141e-19
8.317637711027e+05 1.496192637552e-19
8.709635899561e+05 1.447082341166e-19
9.120108393559e+05 1.399230197656e-19
9.549925860214e+05 1.352647378565e-19
1.000000000000e+06 1.307338455012e-19
